   2.0000000e+00   9.4297270e-01   6.0685162e-01   1.4640560e+00  -9.0342176e-01   7.3422290e-01   1.0453935e+00  -1.2280058e+00  -3.9705460e-01   2.9928212e+00   3.4758036e-01
   2.0000000e+00   7.9162502e-01   2.3364525e-01   1.0339831e-02   9.9206306e-01  -3.6335692e-02  -1.9509529e-01  -5.8244309e-01  -5.2318776e-01  -3.1510364e-01   1.5353064e-01
   2.0000000e+00  -1.3156263e+00   1.9130469e+00   1.7569108e-01  -1.0675088e+00  -2.5017612e-01   6.6652888e-01   7.1142676e-01  -1.7090953e+00   1.7220263e+00  -1.1956730e-01
   2.0000000e+00  -1.7106499e+00   1.3496438e+00   1.3893546e+00  -4.9761845e-01   1.0160471e+00   7.1444712e-01   1.5126179e+00  -2.1925046e-01  -5.2874623e-01   3.3308521e-01
   2.0000000e+00  -4.6570938e-01  -4.6478503e-02  -1.5783564e+00  -8.2863990e-01  -2.7051144e-01   8.9936441e-01  -5.5703558e-02   7.0874083e-02  -1.1827651e+00  -9.4588586e-01
   2.0000000e+00   3.0314997e-02   9.8105646e-01  -1.6298310e-01   1.0044095e+00  -1.1374029e+00  -7.7230556e-01   2.3111917e-01  -1.5393566e-01  -5.9853110e-01  -1.4877970e+00
   2.0000000e+00  -2.2220970e+00   4.0192229e-01  -9.9012541e-01   1.0061328e+00   1.5675539e-01  -5.1457096e-01   5.9924631e-01   1.2465682e+00   8.9560411e-01   1.7271416e-01
   2.0000000e+00  -1.8300362e+00   1.1638731e-01   1.1184341e+00  -1.5200759e+00   2.2247868e-01  -8.2464651e-02  -1.7761556e+00   1.3845480e+00   1.3477869e+00  -1.2266270e+00
   2.0000000e+00  -3.7363819e-01   5.5244555e-01   1.8895655e-01  -4.0055629e-01  -9.6880488e-01  -1.0035013e+00  -2.9458382e-01  -4.8064149e-01   1.1825220e-01  -1.4392074e+00
   2.0000000e+00  -1.4650645e+00   1.6433807e-01   1.1168938e+00   1.0113576e-01  -1.9440764e+00  -1.0527342e+00   8.6840957e-01   1.2280590e+00  -1.1492208e-01   5.1514278e-01
   2.0000000e+00   7.4130589e-01  -1.0200494e+00  -4.5207591e-01  -1.3059251e+00  -2.2530377e+00  -2.2589247e-01   5.9214914e-02  -7.8320049e-01   6.6311331e-01   4.8383914e-01
   2.0000000e+00  -1.4711931e+00  -1.1831386e+00  -1.7511224e+00  -7.3616340e-01  -3.1209555e-01   1.3613599e+00   4.7503834e-01   1.0212703e+00  -3.2333638e-02  -8.7502720e-02
   2.0000000e+00   4.9167699e-01  -8.1019102e-01   1.7389232e-01  -4.3985497e-01   6.0408635e-01  -5.7141771e-01   7.4246834e-02  -8.4557134e-01   2.0862235e+00   1.3339198e+00
   2.0000000e+00  -2.0123728e-01   1.9237992e+00   3.2198169e-01  -4.8804258e-01  -2.2624107e-01  -3.7016310e-01   4.6423034e-01  -6.1032523e-01  -6.1731953e-02   1.3469916e+00
   2.0000000e+00   1.6367321e-01  -2.6339765e-01   1.3004165e+00  -1.9137565e+00   7.2716953e-01   2.9168264e-01   1.1427530e+00  -6.9472572e-01  -8.5869419e-01   1.1115746e+00
   2.0000000e+00  -1.5110626e+00  -6.3981702e-01   1.7398012e+00  -3.4693850e-02   4.3100876e-01   9.6846902e-02   2.0972515e-01  -9.6853420e-01  -2.0967743e-02  -3.2620409e-01
   2.0000000e+00   1.1864397e+00  -1.0887794e+00   1.4994198e-01   9.5502481e-01  -3.7076684e-01  -2.7641194e-01   1.7653995e-01   1.2561992e+00  -3.2937319e-01  -3.2701619e-01
   2.0000000e+00  -5.5793070e-01  -1.2430273e-01   9.9271492e-01  -1.0016951e+00  -9.4825650e-01  -1.2212638e-01  -1.7063546e-01  -7.5984406e-02  -2.9166377e-01  -2.3501320e-01
   1.0000000e+00   1.2832202e+00  -5.0145391e-01  -4.2709977e-01   1.3570155e+00  -1.1476513e+00  -1.2651604e+00  -6.6237208e-01   4.0406400e-01  -8.2469737e-01  -1.2519518e+00
   2.0000000e+00  -1.4896506e+00   9.8676033e-01   3.0888342e+00  -9.9952388e-01   2.0275563e+00  -3.7713780e-02  -1.5701627e+00   1.2848493e+00  -1.1227993e+00  -5.6382542e-01
   2.0000000e+00   1.3024397e+00  -1.4384537e+00   1.2181124e-01  -7.4558320e-01  -6.9937484e-01  -1.1660873e+00  -4.6996044e-01   9.9530777e-01   9.2941131e-01  -2.6815477e+00
   2.0000000e+00  -3.4256560e+00   1.3704832e-01   3.3326267e-01   1.1037802e-01  -1.8154373e-02  -3.0158729e-01   7.5970680e-01  -1.4271841e+00   4.6577582e-02   2.2079942e+00
   2.0000000e+00  -1.7140372e+00  -8.5889336e-01   2.3655836e+00   9.0625567e-02  -9.1033214e-01  -1.3375583e+00  -3.7753676e-01   7.1053097e-01   2.1536497e-01  -1.1314458e+00
   2.0000000e+00  -1.2868827e+00   3.7890488e-02   5.1676999e-01   8.1134893e-01   2.7775737e-01   1.8054883e+00   8.8743715e-01  -1.8673590e+00   2.0107973e+00   5.7197490e-02
   1.0000000e+00   4.1038734e-01   5.1305629e-01   6.7584771e-01   1.5901496e+00   2.8282132e-01  -9.4396535e-01  -1.6401660e+00   5.8081189e-01  -8.6594706e-01  -1.1839643e+00
   2.0000000e+00   1.1620383e+00  -1.5874786e+00   4.9632446e-01  -2.3617486e-01   2.4442203e-01   1.1627032e-01   1.6087107e+00   1.1395568e+00  -3.0791875e-01  -6.2361854e-01
   2.0000000e+00  -9.0466638e-01   1.9490623e+00  -1.3556304e+00   1.0695836e+00  -3.2877641e-01   6.6440231e-01  -7.2254979e-01  -6.1378174e-01  -2.9019389e-01   1.0167842e-01
   2.0000000e+00  -2.3797750e+00  -3.9293638e-01   7.2353526e-01  -1.5189320e-01  -1.8031629e+00   9.8588522e-01   1.2919606e+00  -3.5983618e-02  -4.3049708e-01  -7.6410031e-01
   1.0000000e+00  -3.1018928e-01   3.8498379e-01  -2.3847508e-01  -2.0625002e-01  -4.9105982e-01   1.8924862e+00   2.3885518e-01   6.1128080e-01   4.7307742e-01   1.4776532e+00
   2.0000000e+00   9.2553816e-01   8.3254214e-01   1.8840226e+00  -8.2412693e-01  -1.7890109e-01   5.8000525e-01   5.1351025e-01  -1.0778923e-01   1.3747368e+00   8.1942019e-01
   2.0000000e+00   3.4876548e-01  -3.4133012e-01   8.6102032e-01  -1.7995652e-01  -5.7844664e-01   1.0042511e+00  -7.0385747e-01  -1.2490099e+00   1.8399699e-01   1.2828054e+00
   2.0000000e+00   2.2600148e+00   3.4308730e-01   8.6703433e-01  -1.4108656e+00  -8.0432543e-01   2.7578295e+00  -1.0946970e+00  -7.6700694e-01  -6.2623540e-01  -5.0478005e-01
   2.0000000e+00  -1.0217374e+00  -5.4049063e-02  -9.2264526e-02  -4.9279899e-01  -6.9056496e-01  -1.3455480e+00  -2.3899413e-01  -1.4704533e+00  -1.4831160e+00   6.1292009e-01
   2.0000000e+00   7.9354146e-02  -3.0262925e-01  -7.6581672e-01   8.7993724e-01  -1.3894953e+00   1.4581611e+00   1.4954516e+00  -1.9958261e+00  -1.7715429e-01  -1.9856100e+00
   2.0000000e+00  -1.9671278e-01  -1.0463070e+00  -2.2613320e-01   1.7699985e-01  -6.4916368e-01  -2.3652519e-01   5.0429047e-01   1.2336711e+00   1.2121904e+00   7.5347763e-01
   2.0000000e+00   8.5206244e-01   1.9167683e+00   1.6961530e+00  -6.9551770e-01  -8.4717262e-01  -4.1374058e-01  -4.0063044e-01  -1.4020537e+00   6.3320224e-01  -8.3798768e-01
   2.0000000e+00  -6.2205021e-01  -1.6313174e+00   1.3865193e-01   8.6682570e-01   4.2322441e-01  -1.1364367e+00   1.0467211e-01  -3.0110278e-01   6.4041247e-01   3.2901299e-01
   2.0000000e+00  -1.2127863e+00   2.2984517e+00   1.2286045e+00   2.6045611e-01   6.5020859e-02   1.6944482e-01  -8.2499675e-01  -4.0079710e-01  -1.6461629e+00   3.0836444e-01
   2.0000000e+00   2.0724437e+00  -2.4091934e-01  -1.4569121e+00  -8.1225402e-01   5.2790225e-01   9.2996091e-02   3.0107552e-01  -2.4535389e+00   1.2874756e+00  -7.4481443e-01
   2.0000000e+00  -1.2931712e-01  -1.3350389e-01   5.6600426e-01   7.8048213e-01  -1.4961333e+00   1.2498722e-01  -2.7923090e-01  -1.7353883e+00   1.0195650e+00   1.3406106e+00
   2.0000000e+00  -5.3441559e-01   1.6061360e+00  -1.0517019e+00  -2.3343851e-01   1.1355456e-01   1.0927586e+00  -6.0544827e-02   2.7897927e-01  -1.6020931e-01  -2.2909628e+00
   2.0000000e+00  -9.3642666e-01  -1.1297655e+00   7.7499225e-01   3.1198610e-01  -3.0572334e-01   3.1492929e-01  -4.9183256e-01  -4.3122963e-01   1.2140126e+00  -4.2082721e-01
   2.0000000e+00   3.4119834e-01  -2.9357569e-01   1.1787528e+00  -1.6662813e+00  -3.2709642e-01   5.1074217e-01  -9.0367762e-02  -4.5303189e-01  -8.5024623e-03  -3.5693814e-01
   2.0000000e+00   1.2356711e+00  -1.0906900e+00  -3.2051131e-01  -1.1465927e+00  -1.4385757e+00   9.2594391e-01   7.7124425e-02   1.1988877e+00  -1.3274243e+00   1.8860754e+00
   2.0000000e+00   1.7894954e+00   1.0040977e+00   4.6461262e-02  -9.9624298e-01   1.3770175e+00   1.4677006e+00   5.2437658e-01  -4.7533528e-01  -3.1717377e-01  -4.8053552e-01
   2.0000000e+00   1.1511685e+00  -1.1671640e+00   8.3075211e-01  -1.8047471e+00   5.7531667e-01  -1.1629947e+00  -6.5252710e-01  -6.6043150e-02  -8.0028114e-01   1.2526861e+00
   2.0000000e+00   9.1730289e-01  -2.8572000e-01   3.0000367e-01   2.1265371e+00  -1.1557379e+00   6.7345475e-01   3.8419970e-01   2.2480494e-01   4.6572710e-01   2.8920676e-01
   2.0000000e+00   1.0161340e-01  -1.6357981e+00   3.2012129e-01   1.7447052e+00  -2.9553623e-01   1.8599917e-01  -1.7084324e+00  -3.0415955e-02  -1.4910897e+00  -9.5343520e-02
   2.0000000e+00   2.9805406e+00   3.0331001e-02  -1.1072993e+00   1.8253301e+00  -5.4505946e-02   4.2564066e-01   3.4139822e-01  -2.0653877e-01  -2.2537746e-01  -7.9770428e-01
   1.0000000e+00   4.5978797e-01   4.1002634e-01   2.8996387e-01   7.1323142e-01  -1.7719862e+00  -6.9753912e-01   2.7574708e-02   4.8045139e-01  -2.6750553e-01   1.1871277e+00
   2.0000000e+00   1.5114785e+00   4.1518544e-01  -2.2476961e-02   1.2480471e+00   1.5628675e+00   7.9618924e-01   4.0706765e-01  -5.3736169e-01  -8.8224270e-01   5.6197280e-01
   2.0000000e+00   2.8547731e-01  -1.6316946e-01  -1.1799342e+00  -1.2505812e+00  -1.3285107e+00  -1.4278153e+00   1.7106971e-01  -1.8442003e+00   4.1568787e-01   9.0709326e-01
   2.0000000e+00   1.7865454e+00   1.5467943e+00  -4.9340438e-01   4.8738305e-01   7.3142286e-01  -1.5081996e+00  -5.5344457e-01   1.4726888e+00  -2.5523898e-01   1.9727083e-01
   1.0000000e+00  -2.3834169e-02   5.8190407e-01   3.2767087e-01   1.7843329e+00  -3.0328437e+00  -9.6971141e-01  -1.9846728e+00   1.1663181e-01   1.1521701e+00  -1.1630969e+00
   2.0000000e+00   1.6625293e-01   2.0208441e+00   9.4611749e-01   2.8557694e-01   1.3261132e-01  -1.5999299e-01   3.4634177e-01  -1.2298776e+00  -1.2182869e+00   1.1844473e+00
   2.0000000e+00  -1.1014876e+00  -1.7321386e+00  -7.7941858e-03  -2.8950862e-01   9.8940809e-01  -2.4113395e-01   1.1352398e+00  -1.0695396e+00   9.1864933e-01  -8.9365103e-01
   1.0000000e+00   2.5482855e+00   7.5076175e-01   7.7698371e-02  -1.7003383e-01   3.9636357e-01  -1.2876845e+00  -2.8302978e+00   5.9436714e-01   3.5204506e-02  -4.2826825e-01
   2.0000000e+00  -5.7625751e-01  -1.4750251e+00   1.9200992e-01  -1.2810397e+00   1.1177486e+00   1.1543009e+00  -8.3323034e-01  -9.7970027e-02  -3.9147868e-02   1.8104569e+00
   2.0000000e+00   4.6022214e-01  -2.7975289e-01  -7.6013272e-01  -1.8210707e+00   3.5582283e-01  -1.6738891e-01   7.8256125e-01   1.1374844e+00   4.7827417e-01  -1.3033020e+00
   1.0000000e+00  -7.8720967e-01  -1.4773418e+00  -5.9678266e-01   1.2668728e+00   1.1752940e+00   4.4458882e-01  -9.7920936e-01   2.9192855e-01  -1.1605556e+00   2.5685510e-01
   2.0000000e+00   1.7516625e+00  -5.0793730e-01   1.3281511e-01  -1.2353730e+00  -2.6111036e+00  -9.9360840e-01   1.7393751e+00  -1.3032088e-01   6.2708188e-01  -5.7502996e-01
   2.0000000e+00   4.9196555e-01  -3.8598906e-01  -1.2576180e+00  -1.2978444e+00  -1.0680169e+00  -4.3486842e-02  -1.2576377e+00  -1.7012867e-01  -3.4691996e-01   1.3942436e+00
   2.0000000e+00  -1.8552832e+00   1.6364484e+00   1.3989740e+00  -1.9431503e-01   1.7083139e-01  -2.9865795e-01   2.4010969e-01  -6.4418246e-01   1.2816580e+00  -7.7127406e-01
   2.0000000e+00   1.2133793e+00  -1.3784032e+00   7.7812325e-01   6.0025160e-02  -6.0604984e-01   1.3982853e+00   1.3062450e+00   8.5817811e-01  -2.6188950e-01   1.5178694e+00
   2.0000000e+00  -1.3715748e+00  -2.2490062e+00  -6.8138877e-01   2.0538423e+00   5.5436484e-01   1.1884552e+00   2.0127742e-01   4.5596892e-01   1.4032680e+00  -9.6870936e-02
   2.0000000e+00   7.8956287e-01  -1.2315192e-01   7.2264951e-01  -1.4451255e+00  -8.9033922e-01   6.1016861e-01  -5.3213631e-01   1.1819741e+00   1.5194719e+00  -1.1838082e+00
   2.0000000e+00   3.6025235e-01   2.0437158e+00   1.7411269e-01  -2.6978472e-01  -8.6686329e-01   1.5900529e+00   4.9164767e-02   1.4847574e+00  -9.2662452e-02  -1.1677719e+00
   2.0000000e+00   5.0751449e-01  -4.3748341e-01   1.6668205e+00  -5.9032518e-01   1.9207217e+00   8.5294398e-03  -1.3156162e+00   7.1359636e-02  -6.2901099e-01  -7.4662611e-01
   2.0000000e+00   3.0335338e-01   5.1899991e-01  -7.2740265e-01   1.0006532e+00   3.5665593e-01  -2.5946052e-01  -1.0396421e+00  -7.3830135e-01   7.1709075e-01   2.7986457e-01
   2.0000000e+00   5.7213676e-02  -1.7817474e+00   1.0563638e+00  -3.9005663e-01   2.0426168e-01  -1.4544556e+00   6.1971338e-01   1.6864125e-01   6.0891007e-01   1.1253967e+00
   2.0000000e+00   9.5791585e-01   3.5725184e-01  -2.7086713e-01  -2.4736439e-01  -4.2184112e-01  -6.5860966e-01   9.4319002e-01  -1.6876159e+00   1.1107298e+00   9.8604842e-01
   2.0000000e+00  -6.5688014e-01   4.9050103e-01  -6.2562338e-01   1.1871183e+00   9.1493471e-01   2.4337877e-01   1.9287130e+00  -7.0363998e-01   1.4921379e+00   1.8618882e-01
   2.0000000e+00   2.5661628e-01  -1.8357720e+00   1.2224639e+00   2.4332186e-01   1.9405357e+00   1.0971028e+00  -1.0680416e+00   5.8272694e-01   3.0901132e-01   1.9343719e-01
   2.0000000e+00   2.8988863e-01   8.9802610e-01   1.3504454e+00   8.2393605e-01  -4.6273045e-01   1.5829664e+00  -1.6372397e-01  -5.4364672e-01  -1.4743141e+00  -6.2452784e-01
   1.0000000e+00  -3.0047044e-01   5.7423470e-01  -2.9639314e-01  -3.7353795e-01   4.2363002e-01  -6.3025207e-01  -5.1826609e-01   1.8161245e-01   7.5638085e-01  -3.7352666e-01
   2.0000000e+00  -2.0043916e+00   4.7804878e-01   7.0021099e-01   1.3319926e+00  -3.3541824e-01   1.3524638e+00   9.8281439e-01   7.0294330e-01   2.4127055e+00   1.8831497e+00
   1.0000000e+00  -7.2047418e-01   3.6374887e-01  -7.0706136e-01  -8.6286580e-01  -5.8124913e-02   1.4464551e+00   6.1777655e-01   2.5645086e-01   4.9975274e-02  -2.5158820e-01
   1.0000000e+00  -4.8005690e-02   2.3616742e+00   7.6829101e-01  -4.7435380e-01  -5.4048581e-02   6.6254944e-01   8.2738950e-01   4.3505524e-01   4.1435063e-01   4.5517967e-01
   2.0000000e+00   1.3303392e+00   1.4533079e+00   1.4958307e-01  -1.2853546e+00  -2.1188691e+00   7.8900643e-01  -2.7626656e-01   2.0106718e+00   1.7705378e+00   3.4811545e-01
   2.0000000e+00  -1.9286245e+00   1.1389721e+00   9.4647820e-01  -8.5007390e-01  -5.7675313e-01   9.0088712e-02  -5.5366626e-01  -5.2400294e-01   2.0007001e+00  -1.1714853e+00
   2.0000000e+00   6.2600304e-01   1.2271939e-01  -8.5424031e-01   7.9304423e-01  -6.5270894e-01   1.9266362e+00  -6.6645655e-01  -7.0736838e-01   1.8039103e-01   2.4775477e-01
   2.0000000e+00  -2.7075448e-01   9.4438660e-01   3.0698347e-01   2.7679630e-01   5.3641568e-01  -1.3131166e+00  -5.0334889e-01  -6.2094899e-01  -5.8383706e-01   1.0599810e-01
   2.0000000e+00   1.6202762e-02   6.1917831e-01   1.5246758e-01  -3.7644205e-01   2.0315053e-01  -5.1861031e-02  -4.4602164e-01  -8.3127571e-01  -2.5098181e-01  -7.4157445e-01
   2.0000000e+00  -9.0280468e-01  -7.6263056e-02  -2.3816459e-01   7.7090381e-01  -7.9204126e-01  -2.4220496e-01   1.1121887e+00  -1.1296135e+00  -1.1490414e+00   8.3939090e-01
   2.0000000e+00   5.6138293e-01  -4.0897568e-01   3.5800981e-01   1.1841582e+00  -2.7443896e+00   5.3545422e-01   3.2399781e-01  -8.4043728e-01   2.8559331e+00  -1.5018905e-01
   2.0000000e+00   1.8145152e-01  -1.6540617e+00   3.5705371e-01   9.4719707e-01   9.6164055e-02  -9.2457940e-02   1.2711373e+00   2.0360564e+00   9.0731052e-01  -4.4658491e-01
   2.0000000e+00   1.2156706e+00   2.8541333e-01  -5.4747232e-01   1.8289110e+00   1.3469128e+00  -8.1346362e-01   5.7237913e-01  -6.6394289e-01  -8.0112658e-01  -4.4120962e-02
   2.0000000e+00   1.8943234e+00  -2.8626936e-01  -1.2679559e+00  -9.4602042e-01   1.4649288e+00  -1.0612864e+00  -1.2767210e+00   1.7851467e+00  -9.8284526e-01   7.5419543e-01
   2.0000000e+00   4.6626938e-01   8.2364582e-01   5.1329101e-01  -1.7030130e+00  -2.1052659e-01  -8.7663882e-02  -7.7793747e-01  -1.1754952e+00   1.6523394e-01  -4.8123472e-01
   2.0000000e+00  -9.6393056e-01  -2.2306369e+00  -1.1850467e+00  -2.8947505e-01   6.1882700e-01   8.8252659e-02  -1.3026523e+00  -2.3998229e-01   1.7875031e-01   1.4502372e+00
   2.0000000e+00  -9.1474100e-02   1.0332333e+00   9.8907330e-01   1.6963209e-01   1.2567113e+00   7.6973322e-01   7.5810756e-01  -9.5284491e-02  -6.6704094e-01  -6.2692772e-01
   2.0000000e+00   2.7208314e-01  -8.2133111e-01   2.3934705e+00  -9.7001234e-01   5.7259832e-01   1.4179310e+00   8.7822592e-01  -3.2265820e-01   4.6489180e-01  -3.5493674e-02
   2.0000000e+00  -8.6181867e-01   1.2468394e+00   8.4551963e-01  -7.1847315e-01   1.5557700e+00  -7.3212551e-01   4.4062208e-01   4.3818136e-01   4.8789292e-02  -1.4245943e+00
   1.0000000e+00  -6.7098017e-01   1.6111583e-01  -1.4892008e-01  -2.3299466e-01   1.6486070e+00  -2.6121173e-01   3.2715026e-01   2.6391566e-01  -8.4037928e-01  -1.4499347e-01
   2.0000000e+00  -1.0297264e+00  -4.1527891e-01  -1.0820983e+00   9.9745272e-01   1.0803428e+00   8.9765808e-02   3.9924956e-01  -1.0916466e+00  -4.0438846e-01   1.6375477e+00
   2.0000000e+00  -1.0268474e+00  -3.0794069e-01   9.2539377e-02  -2.8135853e-01  -8.4090388e-01  -2.3801611e-01  -1.3828706e+00  -7.8640682e-01   8.2801623e-01   9.5706284e-01
   2.0000000e+00   1.7461986e+00   5.1041066e-02  -5.7201954e-01  -1.5167982e-01   3.5813905e-01  -8.6155378e-01   5.7287896e-01  -8.1150846e-01   4.4880266e-02   8.9660079e-01
   2.0000000e+00  -6.1902446e-01  -7.3343812e-02  -6.3673382e-01  -1.9915340e-01   1.4599093e-01  -3.3586262e-02  -3.6654762e-01   1.2246639e+00  -3.4387444e-01   4.4208539e-01
   1.0000000e+00   2.1168485e+00  -2.2187208e-01   7.2940928e-03  -1.4627719e+00  -1.2522859e+00   2.1308499e-01   6.5610847e-01   5.1582387e-01   5.3332376e-02   1.0148367e-01
   2.0000000e+00   9.1673817e-01   7.7736812e-01   7.6634974e-01  -1.8975525e-01   1.0604589e-01  -1.2204519e-01   1.8568201e+00   1.7515587e+00   7.6015844e-03   1.5022248e+00
