Welcome to Charles Hong's Feature Selection Algorithm.
Please enter total number of features: Type the number of the algorithm you want to run.
1. Forward Selection
2. Backward Elimination
3. Charles's Special Algorithm
Type the file name
Beginning Backward Search.

Using features {1,2,3,4,5,6,7,8,9,10,11,12,13,14,15,16,17,18,19,20,21,22,23,24,25,26,27,28,29,30,31,32,33,34,35,36,37,38,39,40} accuracy is 69.4%

Using feature(s) {2,3,4,5,6,7,8,9,10,11,12,13,14,15,16,17,18,19,20,21,22,23,24,25,26,27,28,29,30,31,32,33,34,35,36,37,38,39,40} accuracy is 70.3%
Using feature(s) {1,3,4,5,6,7,8,9,10,11,12,13,14,15,16,17,18,19,20,21,22,23,24,25,26,27,28,29,30,31,32,33,34,35,36,37,38,39,40} accuracy is 68.7%
Using feature(s) {1,2,4,5,6,7,8,9,10,11,12,13,14,15,16,17,18,19,20,21,22,23,24,25,26,27,28,29,30,31,32,33,34,35,36,37,38,39,40} accuracy is 68.3%
Using feature(s) {1,2,3,5,6,7,8,9,10,11,12,13,14,15,16,17,18,19,20,21,22,23,24,25,26,27,28,29,30,31,32,33,34,35,36,37,38,39,40} accuracy is 69.3%
Using feature(s) {1,2,3,4,6,7,8,9,10,11,12,13,14,15,16,17,18,19,20,21,22,23,24,25,26,27,28,29,30,31,32,33,34,35,36,37,38,39,40} accuracy is 68.8%
Using feature(s) {1,2,3,4,5,7,8,9,10,11,12,13,14,15,16,17,18,19,20,21,22,23,24,25,26,27,28,29,30,31,32,33,34,35,36,37,38,39,40} accuracy is 70.2%
Using feature(s) {1,2,3,4,5,6,8,9,10,11,12,13,14,15,16,17,18,19,20,21,22,23,24,25,26,27,28,29,30,31,32,33,34,35,36,37,38,39,40} accuracy is 69.9%
Using feature(s) {1,2,3,4,5,6,7,9,10,11,12,13,14,15,16,17,18,19,20,21,22,23,24,25,26,27,28,29,30,31,32,33,34,35,36,37,38,39,40} accuracy is 69.8%
Using feature(s) {1,2,3,4,5,6,7,8,10,11,12,13,14,15,16,17,18,19,20,21,22,23,24,25,26,27,28,29,30,31,32,33,34,35,36,37,38,39,40} accuracy is 69.3%
Using feature(s) {1,2,3,4,5,6,7,8,9,11,12,13,14,15,16,17,18,19,20,21,22,23,24,25,26,27,28,29,30,31,32,33,34,35,36,37,38,39,40} accuracy is 69.3%
Using feature(s) {1,2,3,4,5,6,7,8,9,10,12,13,14,15,16,17,18,19,20,21,22,23,24,25,26,27,28,29,30,31,32,33,34,35,36,37,38,39,40} accuracy is 69.5%
Using feature(s) {1,2,3,4,5,6,7,8,9,10,11,13,14,15,16,17,18,19,20,21,22,23,24,25,26,27,28,29,30,31,32,33,34,35,36,37,38,39,40} accuracy is 68.7%
Using feature(s) {1,2,3,4,5,6,7,8,9,10,11,12,14,15,16,17,18,19,20,21,22,23,24,25,26,27,28,29,30,31,32,33,34,35,36,37,38,39,40} accuracy is 69.1%
Using feature(s) {1,2,3,4,5,6,7,8,9,10,11,12,13,15,16,17,18,19,20,21,22,23,24,25,26,27,28,29,30,31,32,33,34,35,36,37,38,39,40} accuracy is 69.8%
Using feature(s) {1,2,3,4,5,6,7,8,9,10,11,12,13,14,16,17,18,19,20,21,22,23,24,25,26,27,28,29,30,31,32,33,34,35,36,37,38,39,40} accuracy is 69.2%
Using feature(s) {1,2,3,4,5,6,7,8,9,10,11,12,13,14,15,17,18,19,20,21,22,23,24,25,26,27,28,29,30,31,32,33,34,35,36,37,38,39,40} accuracy is 70.1%
Using feature(s) {1,2,3,4,5,6,7,8,9,10,11,12,13,14,15,16,18,19,20,21,22,23,24,25,26,27,28,29,30,31,32,33,34,35,36,37,38,39,40} accuracy is 68.6%
Using feature(s) {1,2,3,4,5,6,7,8,9,10,11,12,13,14,15,16,17,19,20,21,22,23,24,25,26,27,28,29,30,31,32,33,34,35,36,37,38,39,40} accuracy is 69.0%
Using feature(s) {1,2,3,4,5,6,7,8,9,10,11,12,13,14,15,16,17,18,20,21,22,23,24,25,26,27,28,29,30,31,32,33,34,35,36,37,38,39,40} accuracy is 69.2%
Using feature(s) {1,2,3,4,5,6,7,8,9,10,11,12,13,14,15,16,17,18,19,21,22,23,24,25,26,27,28,29,30,31,32,33,34,35,36,37,38,39,40} accuracy is 70.0%
Using feature(s) {1,2,3,4,5,6,7,8,9,10,11,12,13,14,15,16,17,18,19,20,22,23,24,25,26,27,28,29,30,31,32,33,34,35,36,37,38,39,40} accuracy is 70.4%
Using feature(s) {1,2,3,4,5,6,7,8,9,10,11,12,13,14,15,16,17,18,19,20,21,23,24,25,26,27,28,29,30,31,32,33,34,35,36,37,38,39,40} accuracy is 69.6%
Using feature(s) {1,2,3,4,5,6,7,8,9,10,11,12,13,14,15,16,17,18,19,20,21,22,24,25,26,27,28,29,30,31,32,33,34,35,36,37,38,39,40} accuracy is 69.2%
Using feature(s) {1,2,3,4,5,6,7,8,9,10,11,12,13,14,15,16,17,18,19,20,21,22,23,25,26,27,28,29,30,31,32,33,34,35,36,37,38,39,40} accuracy is 69.7%
Using feature(s) {1,2,3,4,5,6,7,8,9,10,11,12,13,14,15,16,17,18,19,20,21,22,23,24,26,27,28,29,30,31,32,33,34,35,36,37,38,39,40} accuracy is 68.2%
Using feature(s) {1,2,3,4,5,6,7,8,9,10,11,12,13,14,15,16,17,18,19,20,21,22,23,24,25,27,28,29,30,31,32,33,34,35,36,37,38,39,40} accuracy is 69.1%
Using feature(s) {1,2,3,4,5,6,7,8,9,10,11,12,13,14,15,16,17,18,19,20,21,22,23,24,25,26,28,29,30,31,32,33,34,35,36,37,38,39,40} accuracy is 69.8%
Using feature(s) {1,2,3,4,5,6,7,8,9,10,11,12,13,14,15,16,17,18,19,20,21,22,23,24,25,26,27,29,30,31,32,33,34,35,36,37,38,39,40} accuracy is 68.8%
Using feature(s) {1,2,3,4,5,6,7,8,9,10,11,12,13,14,15,16,17,18,19,20,21,22,23,24,25,26,27,28,30,31,32,33,34,35,36,37,38,39,40} accuracy is 70.2%
Using feature(s) {1,2,3,4,5,6,7,8,9,10,11,12,13,14,15,16,17,18,19,20,21,22,23,24,25,26,27,28,29,31,32,33,34,35,36,37,38,39,40} accuracy is 68.8%
Using feature(s) {1,2,3,4,5,6,7,8,9,10,11,12,13,14,15,16,17,18,19,20,21,22,23,24,25,26,27,28,29,30,32,33,34,35,36,37,38,39,40} accuracy is 68.6%
Using feature(s) {1,2,3,4,5,6,7,8,9,10,11,12,13,14,15,16,17,18,19,20,21,22,23,24,25,26,27,28,29,30,31,33,34,35,36,37,38,39,40} accuracy is 69.2%
Using feature(s) {1,2,3,4,5,6,7,8,9,10,11,12,13,14,15,16,17,18,19,20,21,22,23,24,25,26,27,28,29,30,31,32,34,35,36,37,38,39,40} accuracy is 70.3%
Using feature(s) {1,2,3,4,5,6,7,8,9,10,11,12,13,14,15,16,17,18,19,20,21,22,23,24,25,26,27,28,29,30,31,32,33,35,36,37,38,39,40} accuracy is 70.1%
Using feature(s) {1,2,3,4,5,6,7,8,9,10,11,12,13,14,15,16,17,18,19,20,21,22,23,24,25,26,27,28,29,30,31,32,33,34,36,37,38,39,40} accuracy is 69.0%
Using feature(s) {1,2,3,4,5,6,7,8,9,10,11,12,13,14,15,16,17,18,19,20,21,22,23,24,25,26,27,28,29,30,31,32,33,34,35,37,38,39,40} accuracy is 69.6%
Using feature(s) {1,2,3,4,5,6,7,8,9,10,11,12,13,14,15,16,17,18,19,20,21,22,23,24,25,26,27,28,29,30,31,32,33,34,35,36,38,39,40} accuracy is 69.5%
Using feature(s) {1,2,3,4,5,6,7,8,9,10,11,12,13,14,15,16,17,18,19,20,21,22,23,24,25,26,27,28,29,30,31,32,33,34,35,36,37,39,40} accuracy is 69.3%
Using feature(s) {1,2,3,4,5,6,7,8,9,10,11,12,13,14,15,16,17,18,19,20,21,22,23,24,25,26,27,28,29,30,31,32,33,34,35,36,37,38,40} accuracy is 69.4%
Using feature(s) {1,2,3,4,5,6,7,8,9,10,11,12,13,14,15,16,17,18,19,20,21,22,23,24,25,26,27,28,29,30,31,32,33,34,35,36,37,38,39} accuracy is 70.3%

Feature set {1,2,3,4,5,6,7,8,9,10,11,12,13,14,15,16,17,18,19,20,22,23,24,25,26,27,28,29,30,31,32,33,34,35,36,37,38,39,40} was best, accuracy is 70.4%

Using feature(s) {2,3,4,5,6,7,8,9,10,11,12,13,14,15,16,17,18,19,20,22,23,24,25,26,27,28,29,30,31,32,33,34,35,36,37,38,39,40} accuracy is 71.1%
Using feature(s) {1,3,4,5,6,7,8,9,10,11,12,13,14,15,16,17,18,19,20,22,23,24,25,26,27,28,29,30,31,32,33,34,35,36,37,38,39,40} accuracy is 69.6%
Using feature(s) {1,2,4,5,6,7,8,9,10,11,12,13,14,15,16,17,18,19,20,22,23,24,25,26,27,28,29,30,31,32,33,34,35,36,37,38,39,40} accuracy is 68.3%
Using feature(s) {1,2,3,5,6,7,8,9,10,11,12,13,14,15,16,17,18,19,20,22,23,24,25,26,27,28,29,30,31,32,33,34,35,36,37,38,39,40} accuracy is 70.0%
Using feature(s) {1,2,3,4,6,7,8,9,10,11,12,13,14,15,16,17,18,19,20,22,23,24,25,26,27,28,29,30,31,32,33,34,35,36,37,38,39,40} accuracy is 69.5%
Using feature(s) {1,2,3,4,5,7,8,9,10,11,12,13,14,15,16,17,18,19,20,22,23,24,25,26,27,28,29,30,31,32,33,34,35,36,37,38,39,40} accuracy is 71.4%
Using feature(s) {1,2,3,4,5,6,8,9,10,11,12,13,14,15,16,17,18,19,20,22,23,24,25,26,27,28,29,30,31,32,33,34,35,36,37,38,39,40} accuracy is 70.9%
Using feature(s) {1,2,3,4,5,6,7,9,10,11,12,13,14,15,16,17,18,19,20,22,23,24,25,26,27,28,29,30,31,32,33,34,35,36,37,38,39,40} accuracy is 69.7%
Using feature(s) {1,2,3,4,5,6,7,8,10,11,12,13,14,15,16,17,18,19,20,22,23,24,25,26,27,28,29,30,31,32,33,34,35,36,37,38,39,40} accuracy is 70.3%
Using feature(s) {1,2,3,4,5,6,7,8,9,11,12,13,14,15,16,17,18,19,20,22,23,24,25,26,27,28,29,30,31,32,33,34,35,36,37,38,39,40} accuracy is 70.6%
Using feature(s) {1,2,3,4,5,6,7,8,9,10,12,13,14,15,16,17,18,19,20,22,23,24,25,26,27,28,29,30,31,32,33,34,35,36,37,38,39,40} accuracy is 70.6%
Using feature(s) {1,2,3,4,5,6,7,8,9,10,11,13,14,15,16,17,18,19,20,22,23,24,25,26,27,28,29,30,31,32,33,34,35,36,37,38,39,40} accuracy is 69.3%
Using feature(s) {1,2,3,4,5,6,7,8,9,10,11,12,14,15,16,17,18,19,20,22,23,24,25,26,27,28,29,30,31,32,33,34,35,36,37,38,39,40} accuracy is 69.3%
Using feature(s) {1,2,3,4,5,6,7,8,9,10,11,12,13,15,16,17,18,19,20,22,23,24,25,26,27,28,29,30,31,32,33,34,35,36,37,38,39,40} accuracy is 70.4%
Using feature(s) {1,2,3,4,5,6,7,8,9,10,11,12,13,14,16,17,18,19,20,22,23,24,25,26,27,28,29,30,31,32,33,34,35,36,37,38,39,40} accuracy is 70.4%
Using feature(s) {1,2,3,4,5,6,7,8,9,10,11,12,13,14,15,17,18,19,20,22,23,24,25,26,27,28,29,30,31,32,33,34,35,36,37,38,39,40} accuracy is 70.8%
Using feature(s) {1,2,3,4,5,6,7,8,9,10,11,12,13,14,15,16,18,19,20,22,23,24,25,26,27,28,29,30,31,32,33,34,35,36,37,38,39,40} accuracy is 69.3%
Using feature(s) {1,2,3,4,5,6,7,8,9,10,11,12,13,14,15,16,17,19,20,22,23,24,25,26,27,28,29,30,31,32,33,34,35,36,37,38,39,40} accuracy is 68.3%
Using feature(s) {1,2,3,4,5,6,7,8,9,10,11,12,13,14,15,16,17,18,20,22,23,24,25,26,27,28,29,30,31,32,33,34,35,36,37,38,39,40} accuracy is 69.9%
Using feature(s) {1,2,3,4,5,6,7,8,9,10,11,12,13,14,15,16,17,18,19,22,23,24,25,26,27,28,29,30,31,32,33,34,35,36,37,38,39,40} accuracy is 69.6%
Using feature(s) {1,2,3,4,5,6,7,8,9,10,11,12,13,14,15,16,17,18,19,20,23,24,25,26,27,28,29,30,31,32,33,34,35,36,37,38,39,40} accuracy is 70.8%
Using feature(s) {1,2,3,4,5,6,7,8,9,10,11,12,13,14,15,16,17,18,19,20,22,24,25,26,27,28,29,30,31,32,33,34,35,36,37,38,39,40} accuracy is 69.8%
Using feature(s) {1,2,3,4,5,6,7,8,9,10,11,12,13,14,15,16,17,18,19,20,22,23,25,26,27,28,29,30,31,32,33,34,35,36,37,38,39,40} accuracy is 68.9%
Using feature(s) {1,2,3,4,5,6,7,8,9,10,11,12,13,14,15,16,17,18,19,20,22,23,24,26,27,28,29,30,31,32,33,34,35,36,37,38,39,40} accuracy is 68.4%
Using feature(s) {1,2,3,4,5,6,7,8,9,10,11,12,13,14,15,16,17,18,19,20,22,23,24,25,27,28,29,30,31,32,33,34,35,36,37,38,39,40} accuracy is 69.4%
Using feature(s) {1,2,3,4,5,6,7,8,9,10,11,12,13,14,15,16,17,18,19,20,22,23,24,25,26,28,29,30,31,32,33,34,35,36,37,38,39,40} accuracy is 70.4%
Using feature(s) {1,2,3,4,5,6,7,8,9,10,11,12,13,14,15,16,17,18,19,20,22,23,24,25,26,27,29,30,31,32,33,34,35,36,37,38,39,40} accuracy is 68.8%
Using feature(s) {1,2,3,4,5,6,7,8,9,10,11,12,13,14,15,16,17,18,19,20,22,23,24,25,26,27,28,30,31,32,33,34,35,36,37,38,39,40} accuracy is 71.0%
Using feature(s) {1,2,3,4,5,6,7,8,9,10,11,12,13,14,15,16,17,18,19,20,22,23,24,25,26,27,28,29,31,32,33,34,35,36,37,38,39,40} accuracy is 69.4%
Using feature(s) {1,2,3,4,5,6,7,8,9,10,11,12,13,14,15,16,17,18,19,20,22,23,24,25,26,27,28,29,30,32,33,34,35,36,37,38,39,40} accuracy is 69.1%
Using feature(s) {1,2,3,4,5,6,7,8,9,10,11,12,13,14,15,16,17,18,19,20,22,23,24,25,26,27,28,29,30,31,33,34,35,36,37,38,39,40} accuracy is 70.7%
Using feature(s) {1,2,3,4,5,6,7,8,9,10,11,12,13,14,15,16,17,18,19,20,22,23,24,25,26,27,28,29,30,31,32,34,35,36,37,38,39,40} accuracy is 71.3%
Using feature(s) {1,2,3,4,5,6,7,8,9,10,11,12,13,14,15,16,17,18,19,20,22,23,24,25,26,27,28,29,30,31,32,33,35,36,37,38,39,40} accuracy is 70.7%
Using feature(s) {1,2,3,4,5,6,7,8,9,10,11,12,13,14,15,16,17,18,19,20,22,23,24,25,26,27,28,29,30,31,32,33,34,36,37,38,39,40} accuracy is 68.8%
Using feature(s) {1,2,3,4,5,6,7,8,9,10,11,12,13,14,15,16,17,18,19,20,22,23,24,25,26,27,28,29,30,31,32,33,34,35,37,38,39,40} accuracy is 69.9%
Using feature(s) {1,2,3,4,5,6,7,8,9,10,11,12,13,14,15,16,17,18,19,20,22,23,24,25,26,27,28,29,30,31,32,33,34,35,36,38,39,40} accuracy is 69.9%
Using feature(s) {1,2,3,4,5,6,7,8,9,10,11,12,13,14,15,16,17,18,19,20,22,23,24,25,26,27,28,29,30,31,32,33,34,35,36,37,39,40} accuracy is 69.7%
Using feature(s) {1,2,3,4,5,6,7,8,9,10,11,12,13,14,15,16,17,18,19,20,22,23,24,25,26,27,28,29,30,31,32,33,34,35,36,37,38,40} accuracy is 69.5%
Using feature(s) {1,2,3,4,5,6,7,8,9,10,11,12,13,14,15,16,17,18,19,20,22,23,24,25,26,27,28,29,30,31,32,33,34,35,36,37,38,39} accuracy is 70.7%

Feature set {1,2,3,4,5,7,8,9,10,11,12,13,14,15,16,17,18,19,20,22,23,24,25,26,27,28,29,30,31,32,33,34,35,36,37,38,39,40} was best, accuracy is 71.4%

Using feature(s) {2,3,4,5,7,8,9,10,11,12,13,14,15,16,17,18,19,20,22,23,24,25,26,27,28,29,30,31,32,33,34,35,36,37,38,39,40} accuracy is 71.5%
Using feature(s) {1,3,4,5,7,8,9,10,11,12,13,14,15,16,17,18,19,20,22,23,24,25,26,27,28,29,30,31,32,33,34,35,36,37,38,39,40} accuracy is 70.5%
Using feature(s) {1,2,4,5,7,8,9,10,11,12,13,14,15,16,17,18,19,20,22,23,24,25,26,27,28,29,30,31,32,33,34,35,36,37,38,39,40} accuracy is 69.7%
Using feature(s) {1,2,3,5,7,8,9,10,11,12,13,14,15,16,17,18,19,20,22,23,24,25,26,27,28,29,30,31,32,33,34,35,36,37,38,39,40} accuracy is 70.6%
Using feature(s) {1,2,3,4,7,8,9,10,11,12,13,14,15,16,17,18,19,20,22,23,24,25,26,27,28,29,30,31,32,33,34,35,36,37,38,39,40} accuracy is 70.6%
Using feature(s) {1,2,3,4,5,8,9,10,11,12,13,14,15,16,17,18,19,20,22,23,24,25,26,27,28,29,30,31,32,33,34,35,36,37,38,39,40} accuracy is 70.1%
Using feature(s) {1,2,3,4,5,7,9,10,11,12,13,14,15,16,17,18,19,20,22,23,24,25,26,27,28,29,30,31,32,33,34,35,36,37,38,39,40} accuracy is 70.4%
Using feature(s) {1,2,3,4,5,7,8,10,11,12,13,14,15,16,17,18,19,20,22,23,24,25,26,27,28,29,30,31,32,33,34,35,36,37,38,39,40} accuracy is 69.6%
Using feature(s) {1,2,3,4,5,7,8,9,11,12,13,14,15,16,17,18,19,20,22,23,24,25,26,27,28,29,30,31,32,33,34,35,36,37,38,39,40} accuracy is 69.5%
Using feature(s) {1,2,3,4,5,7,8,9,10,12,13,14,15,16,17,18,19,20,22,23,24,25,26,27,28,29,30,31,32,33,34,35,36,37,38,39,40} accuracy is 71.1%
Using feature(s) {1,2,3,4,5,7,8,9,10,11,13,14,15,16,17,18,19,20,22,23,24,25,26,27,28,29,30,31,32,33,34,35,36,37,38,39,40} accuracy is 69.5%
Using feature(s) {1,2,3,4,5,7,8,9,10,11,12,14,15,16,17,18,19,20,22,23,24,25,26,27,28,29,30,31,32,33,34,35,36,37,38,39,40} accuracy is 71.0%
Using feature(s) {1,2,3,4,5,7,8,9,10,11,12,13,15,16,17,18,19,20,22,23,24,25,26,27,28,29,30,31,32,33,34,35,36,37,38,39,40} accuracy is 70.6%
Using feature(s) {1,2,3,4,5,7,8,9,10,11,12,13,14,16,17,18,19,20,22,23,24,25,26,27,28,29,30,31,32,33,34,35,36,37,38,39,40} accuracy is 70.3%
Using feature(s) {1,2,3,4,5,7,8,9,10,11,12,13,14,15,17,18,19,20,22,23,24,25,26,27,28,29,30,31,32,33,34,35,36,37,38,39,40} accuracy is 70.3%
Using feature(s) {1,2,3,4,5,7,8,9,10,11,12,13,14,15,16,18,19,20,22,23,24,25,26,27,28,29,30,31,32,33,34,35,36,37,38,39,40} accuracy is 70.3%
Using feature(s) {1,2,3,4,5,7,8,9,10,11,12,13,14,15,16,17,19,20,22,23,24,25,26,27,28,29,30,31,32,33,34,35,36,37,38,39,40} accuracy is 69.7%
Using feature(s) {1,2,3,4,5,7,8,9,10,11,12,13,14,15,16,17,18,20,22,23,24,25,26,27,28,29,30,31,32,33,34,35,36,37,38,39,40} accuracy is 69.7%
Using feature(s) {1,2,3,4,5,7,8,9,10,11,12,13,14,15,16,17,18,19,22,23,24,25,26,27,28,29,30,31,32,33,34,35,36,37,38,39,40} accuracy is 70.3%
Using feature(s) {1,2,3,4,5,7,8,9,10,11,12,13,14,15,16,17,18,19,20,23,24,25,26,27,28,29,30,31,32,33,34,35,36,37,38,39,40} accuracy is 70.2%
Using feature(s) {1,2,3,4,5,7,8,9,10,11,12,13,14,15,16,17,18,19,20,22,24,25,26,27,28,29,30,31,32,33,34,35,36,37,38,39,40} accuracy is 71.1%
Using feature(s) {1,2,3,4,5,7,8,9,10,11,12,13,14,15,16,17,18,19,20,22,23,25,26,27,28,29,30,31,32,33,34,35,36,37,38,39,40} accuracy is 69.0%
Using feature(s) {1,2,3,4,5,7,8,9,10,11,12,13,14,15,16,17,18,19,20,22,23,24,26,27,28,29,30,31,32,33,34,35,36,37,38,39,40} accuracy is 70.2%
Using feature(s) {1,2,3,4,5,7,8,9,10,11,12,13,14,15,16,17,18,19,20,22,23,24,25,27,28,29,30,31,32,33,34,35,36,37,38,39,40} accuracy is 70.6%
Using feature(s) {1,2,3,4,5,7,8,9,10,11,12,13,14,15,16,17,18,19,20,22,23,24,25,26,28,29,30,31,32,33,34,35,36,37,38,39,40} accuracy is 70.8%
Using feature(s) {1,2,3,4,5,7,8,9,10,11,12,13,14,15,16,17,18,19,20,22,23,24,25,26,27,29,30,31,32,33,34,35,36,37,38,39,40} accuracy is 69.7%
Using feature(s) {1,2,3,4,5,7,8,9,10,11,12,13,14,15,16,17,18,19,20,22,23,24,25,26,27,28,30,31,32,33,34,35,36,37,38,39,40} accuracy is 70.6%
Using feature(s) {1,2,3,4,5,7,8,9,10,11,12,13,14,15,16,17,18,19,20,22,23,24,25,26,27,28,29,31,32,33,34,35,36,37,38,39,40} accuracy is 70.5%
Using feature(s) {1,2,3,4,5,7,8,9,10,11,12,13,14,15,16,17,18,19,20,22,23,24,25,26,27,28,29,30,32,33,34,35,36,37,38,39,40} accuracy is 70.0%
Using feature(s) {1,2,3,4,5,7,8,9,10,11,12,13,14,15,16,17,18,19,20,22,23,24,25,26,27,28,29,30,31,33,34,35,36,37,38,39,40} accuracy is 71.6%
Using feature(s) {1,2,3,4,5,7,8,9,10,11,12,13,14,15,16,17,18,19,20,22,23,24,25,26,27,28,29,30,31,32,34,35,36,37,38,39,40} accuracy is 71.7%
Using feature(s) {1,2,3,4,5,7,8,9,10,11,12,13,14,15,16,17,18,19,20,22,23,24,25,26,27,28,29,30,31,32,33,35,36,37,38,39,40} accuracy is 70.9%
Using feature(s) {1,2,3,4,5,7,8,9,10,11,12,13,14,15,16,17,18,19,20,22,23,24,25,26,27,28,29,30,31,32,33,34,36,37,38,39,40} accuracy is 69.1%
Using feature(s) {1,2,3,4,5,7,8,9,10,11,12,13,14,15,16,17,18,19,20,22,23,24,25,26,27,28,29,30,31,32,33,34,35,37,38,39,40} accuracy is 69.8%
Using feature(s) {1,2,3,4,5,7,8,9,10,11,12,13,14,15,16,17,18,19,20,22,23,24,25,26,27,28,29,30,31,32,33,34,35,36,38,39,40} accuracy is 69.8%
Using feature(s) {1,2,3,4,5,7,8,9,10,11,12,13,14,15,16,17,18,19,20,22,23,24,25,26,27,28,29,30,31,32,33,34,35,36,37,39,40} accuracy is 70.4%
Using feature(s) {1,2,3,4,5,7,8,9,10,11,12,13,14,15,16,17,18,19,20,22,23,24,25,26,27,28,29,30,31,32,33,34,35,36,37,38,40} accuracy is 69.8%
Using feature(s) {1,2,3,4,5,7,8,9,10,11,12,13,14,15,16,17,18,19,20,22,23,24,25,26,27,28,29,30,31,32,33,34,35,36,37,38,39} accuracy is 69.6%

Feature set {1,2,3,4,5,7,8,9,10,11,12,13,14,15,16,17,18,19,20,22,23,24,25,26,27,28,29,30,31,32,34,35,36,37,38,39,40} was best, accuracy is 71.7%

Using feature(s) {2,3,4,5,7,8,9,10,11,12,13,14,15,16,17,18,19,20,22,23,24,25,26,27,28,29,30,31,32,34,35,36,37,38,39,40} accuracy is 72.0%
Using feature(s) {1,3,4,5,7,8,9,10,11,12,13,14,15,16,17,18,19,20,22,23,24,25,26,27,28,29,30,31,32,34,35,36,37,38,39,40} accuracy is 71.2%
Using feature(s) {1,2,4,5,7,8,9,10,11,12,13,14,15,16,17,18,19,20,22,23,24,25,26,27,28,29,30,31,32,34,35,36,37,38,39,40} accuracy is 69.5%
Using feature(s) {1,2,3,5,7,8,9,10,11,12,13,14,15,16,17,18,19,20,22,23,24,25,26,27,28,29,30,31,32,34,35,36,37,38,39,40} accuracy is 71.4%
Using feature(s) {1,2,3,4,7,8,9,10,11,12,13,14,15,16,17,18,19,20,22,23,24,25,26,27,28,29,30,31,32,34,35,36,37,38,39,40} accuracy is 69.9%
Using feature(s) {1,2,3,4,5,8,9,10,11,12,13,14,15,16,17,18,19,20,22,23,24,25,26,27,28,29,30,31,32,34,35,36,37,38,39,40} accuracy is 71.2%
Using feature(s) {1,2,3,4,5,7,9,10,11,12,13,14,15,16,17,18,19,20,22,23,24,25,26,27,28,29,30,31,32,34,35,36,37,38,39,40} accuracy is 71.6%
Using feature(s) {1,2,3,4,5,7,8,10,11,12,13,14,15,16,17,18,19,20,22,23,24,25,26,27,28,29,30,31,32,34,35,36,37,38,39,40} accuracy is 71.8%
Using feature(s) {1,2,3,4,5,7,8,9,11,12,13,14,15,16,17,18,19,20,22,23,24,25,26,27,28,29,30,31,32,34,35,36,37,38,39,40} accuracy is 69.9%
Using feature(s) {1,2,3,4,5,7,8,9,10,12,13,14,15,16,17,18,19,20,22,23,24,25,26,27,28,29,30,31,32,34,35,36,37,38,39,40} accuracy is 71.8%
Using feature(s) {1,2,3,4,5,7,8,9,10,11,13,14,15,16,17,18,19,20,22,23,24,25,26,27,28,29,30,31,32,34,35,36,37,38,39,40} accuracy is 71.6%
Using feature(s) {1,2,3,4,5,7,8,9,10,11,12,14,15,16,17,18,19,20,22,23,24,25,26,27,28,29,30,31,32,34,35,36,37,38,39,40} accuracy is 72.0%
Using feature(s) {1,2,3,4,5,7,8,9,10,11,12,13,15,16,17,18,19,20,22,23,24,25,26,27,28,29,30,31,32,34,35,36,37,38,39,40} accuracy is 71.9%
Using feature(s) {1,2,3,4,5,7,8,9,10,11,12,13,14,16,17,18,19,20,22,23,24,25,26,27,28,29,30,31,32,34,35,36,37,38,39,40} accuracy is 71.6%
Using feature(s) {1,2,3,4,5,7,8,9,10,11,12,13,14,15,17,18,19,20,22,23,24,25,26,27,28,29,30,31,32,34,35,36,37,38,39,40} accuracy is 72.6%
Using feature(s) {1,2,3,4,5,7,8,9,10,11,12,13,14,15,16,18,19,20,22,23,24,25,26,27,28,29,30,31,32,34,35,36,37,38,39,40} accuracy is 71.5%
Using feature(s) {1,2,3,4,5,7,8,9,10,11,12,13,14,15,16,17,19,20,22,23,24,25,26,27,28,29,30,31,32,34,35,36,37,38,39,40} accuracy is 70.7%
Using feature(s) {1,2,3,4,5,7,8,9,10,11,12,13,14,15,16,17,18,20,22,23,24,25,26,27,28,29,30,31,32,34,35,36,37,38,39,40} accuracy is 70.7%
Using feature(s) {1,2,3,4,5,7,8,9,10,11,12,13,14,15,16,17,18,19,22,23,24,25,26,27,28,29,30,31,32,34,35,36,37,38,39,40} accuracy is 70.7%
Using feature(s) {1,2,3,4,5,7,8,9,10,11,12,13,14,15,16,17,18,19,20,23,24,25,26,27,28,29,30,31,32,34,35,36,37,38,39,40} accuracy is 69.8%
Using feature(s) {1,2,3,4,5,7,8,9,10,11,12,13,14,15,16,17,18,19,20,22,24,25,26,27,28,29,30,31,32,34,35,36,37,38,39,40} accuracy is 72.0%
Using feature(s) {1,2,3,4,5,7,8,9,10,11,12,13,14,15,16,17,18,19,20,22,23,25,26,27,28,29,30,31,32,34,35,36,37,38,39,40} accuracy is 69.8%
Using feature(s) {1,2,3,4,5,7,8,9,10,11,12,13,14,15,16,17,18,19,20,22,23,24,26,27,28,29,30,31,32,34,35,36,37,38,39,40} accuracy is 71.6%
Using feature(s) {1,2,3,4,5,7,8,9,10,11,12,13,14,15,16,17,18,19,20,22,23,24,25,27,28,29,30,31,32,34,35,36,37,38,39,40} accuracy is 71.1%
Using feature(s) {1,2,3,4,5,7,8,9,10,11,12,13,14,15,16,17,18,19,20,22,23,24,25,26,28,29,30,31,32,34,35,36,37,38,39,40} accuracy is 70.8%
Using feature(s) {1,2,3,4,5,7,8,9,10,11,12,13,14,15,16,17,18,19,20,22,23,24,25,26,27,29,30,31,32,34,35,36,37,38,39,40} accuracy is 72.4%
Using feature(s) {1,2,3,4,5,7,8,9,10,11,12,13,14,15,16,17,18,19,20,22,23,24,25,26,27,28,30,31,32,34,35,36,37,38,39,40} accuracy is 71.7%
Using feature(s) {1,2,3,4,5,7,8,9,10,11,12,13,14,15,16,17,18,19,20,22,23,24,25,26,27,28,29,31,32,34,35,36,37,38,39,40} accuracy is 70.6%
Using feature(s) {1,2,3,4,5,7,8,9,10,11,12,13,14,15,16,17,18,19,20,22,23,24,25,26,27,28,29,30,32,34,35,36,37,38,39,40} accuracy is 71.6%
Using feature(s) {1,2,3,4,5,7,8,9,10,11,12,13,14,15,16,17,18,19,20,22,23,24,25,26,27,28,29,30,31,34,35,36,37,38,39,40} accuracy is 71.3%
Using feature(s) {1,2,3,4,5,7,8,9,10,11,12,13,14,15,16,17,18,19,20,22,23,24,25,26,27,28,29,30,31,32,35,36,37,38,39,40} accuracy is 71.1%
Using feature(s) {1,2,3,4,5,7,8,9,10,11,12,13,14,15,16,17,18,19,20,22,23,24,25,26,27,28,29,30,31,32,34,36,37,38,39,40} accuracy is 70.3%
Using feature(s) {1,2,3,4,5,7,8,9,10,11,12,13,14,15,16,17,18,19,20,22,23,24,25,26,27,28,29,30,31,32,34,35,37,38,39,40} accuracy is 70.6%
Using feature(s) {1,2,3,4,5,7,8,9,10,11,12,13,14,15,16,17,18,19,20,22,23,24,25,26,27,28,29,30,31,32,34,35,36,38,39,40} accuracy is 71.0%
Using feature(s) {1,2,3,4,5,7,8,9,10,11,12,13,14,15,16,17,18,19,20,22,23,24,25,26,27,28,29,30,31,32,34,35,36,37,39,40} accuracy is 72.0%
Using feature(s) {1,2,3,4,5,7,8,9,10,11,12,13,14,15,16,17,18,19,20,22,23,24,25,26,27,28,29,30,31,32,34,35,36,37,38,40} accuracy is 71.6%
Using feature(s) {1,2,3,4,5,7,8,9,10,11,12,13,14,15,16,17,18,19,20,22,23,24,25,26,27,28,29,30,31,32,34,35,36,37,38,39} accuracy is 71.1%

Feature set {1,2,3,4,5,7,8,9,10,11,12,13,14,15,17,18,19,20,22,23,24,25,26,27,28,29,30,31,32,34,35,36,37,38,39,40} was best, accuracy is 72.6%

Using feature(s) {2,3,4,5,7,8,9,10,11,12,13,14,15,17,18,19,20,22,23,24,25,26,27,28,29,30,31,32,34,35,36,37,38,39,40} accuracy is 71.9%
Using feature(s) {1,3,4,5,7,8,9,10,11,12,13,14,15,17,18,19,20,22,23,24,25,26,27,28,29,30,31,32,34,35,36,37,38,39,40} accuracy is 72.4%
Using feature(s) {1,2,4,5,7,8,9,10,11,12,13,14,15,17,18,19,20,22,23,24,25,26,27,28,29,30,31,32,34,35,36,37,38,39,40} accuracy is 70.2%
Using feature(s) {1,2,3,5,7,8,9,10,11,12,13,14,15,17,18,19,20,22,23,24,25,26,27,28,29,30,31,32,34,35,36,37,38,39,40} accuracy is 72.4%
Using feature(s) {1,2,3,4,7,8,9,10,11,12,13,14,15,17,18,19,20,22,23,24,25,26,27,28,29,30,31,32,34,35,36,37,38,39,40} accuracy is 71.3%
Using feature(s) {1,2,3,4,5,8,9,10,11,12,13,14,15,17,18,19,20,22,23,24,25,26,27,28,29,30,31,32,34,35,36,37,38,39,40} accuracy is 72.2%
Using feature(s) {1,2,3,4,5,7,9,10,11,12,13,14,15,17,18,19,20,22,23,24,25,26,27,28,29,30,31,32,34,35,36,37,38,39,40} accuracy is 72.2%
Using feature(s) {1,2,3,4,5,7,8,10,11,12,13,14,15,17,18,19,20,22,23,24,25,26,27,28,29,30,31,32,34,35,36,37,38,39,40} accuracy is 72.0%
Using feature(s) {1,2,3,4,5,7,8,9,11,12,13,14,15,17,18,19,20,22,23,24,25,26,27,28,29,30,31,32,34,35,36,37,38,39,40} accuracy is 71.4%
Using feature(s) {1,2,3,4,5,7,8,9,10,12,13,14,15,17,18,19,20,22,23,24,25,26,27,28,29,30,31,32,34,35,36,37,38,39,40} accuracy is 71.8%
Using feature(s) {1,2,3,4,5,7,8,9,10,11,13,14,15,17,18,19,20,22,23,24,25,26,27,28,29,30,31,32,34,35,36,37,38,39,40} accuracy is 71.5%
Using feature(s) {1,2,3,4,5,7,8,9,10,11,12,14,15,17,18,19,20,22,23,24,25,26,27,28,29,30,31,32,34,35,36,37,38,39,40} accuracy is 71.7%
Using feature(s) {1,2,3,4,5,7,8,9,10,11,12,13,15,17,18,19,20,22,23,24,25,26,27,28,29,30,31,32,34,35,36,37,38,39,40} accuracy is 70.9%
Using feature(s) {1,2,3,4,5,7,8,9,10,11,12,13,14,17,18,19,20,22,23,24,25,26,27,28,29,30,31,32,34,35,36,37,38,39,40} accuracy is 72.0%
Using feature(s) {1,2,3,4,5,7,8,9,10,11,12,13,14,15,18,19,20,22,23,24,25,26,27,28,29,30,31,32,34,35,36,37,38,39,40} accuracy is 72.5%
Using feature(s) {1,2,3,4,5,7,8,9,10,11,12,13,14,15,17,19,20,22,23,24,25,26,27,28,29,30,31,32,34,35,36,37,38,39,40} accuracy is 71.6%
Using feature(s) {1,2,3,4,5,7,8,9,10,11,12,13,14,15,17,18,20,22,23,24,25,26,27,28,29,30,31,32,34,35,36,37,38,39,40} accuracy is 72.2%
Using feature(s) {1,2,3,4,5,7,8,9,10,11,12,13,14,15,17,18,19,22,23,24,25,26,27,28,29,30,31,32,34,35,36,37,38,39,40} accuracy is 70.9%
Using feature(s) {1,2,3,4,5,7,8,9,10,11,12,13,14,15,17,18,19,20,23,24,25,26,27,28,29,30,31,32,34,35,36,37,38,39,40} accuracy is 70.8%
Using feature(s) {1,2,3,4,5,7,8,9,10,11,12,13,14,15,17,18,19,20,22,24,25,26,27,28,29,30,31,32,34,35,36,37,38,39,40} accuracy is 71.5%
Using feature(s) {1,2,3,4,5,7,8,9,10,11,12,13,14,15,17,18,19,20,22,23,25,26,27,28,29,30,31,32,34,35,36,37,38,39,40} accuracy is 71.7%
Using feature(s) {1,2,3,4,5,7,8,9,10,11,12,13,14,15,17,18,19,20,22,23,24,26,27,28,29,30,31,32,34,35,36,37,38,39,40} accuracy is 71.3%
Using feature(s) {1,2,3,4,5,7,8,9,10,11,12,13,14,15,17,18,19,20,22,23,24,25,27,28,29,30,31,32,34,35,36,37,38,39,40} accuracy is 72.0%
Using feature(s) {1,2,3,4,5,7,8,9,10,11,12,13,14,15,17,18,19,20,22,23,24,25,26,28,29,30,31,32,34,35,36,37,38,39,40} accuracy is 71.7%
Using feature(s) {1,2,3,4,5,7,8,9,10,11,12,13,14,15,17,18,19,20,22,23,24,25,26,27,29,30,31,32,34,35,36,37,38,39,40} accuracy is 72.1%
Using feature(s) {1,2,3,4,5,7,8,9,10,11,12,13,14,15,17,18,19,20,22,23,24,25,26,27,28,30,31,32,34,35,36,37,38,39,40} accuracy is 71.4%
Using feature(s) {1,2,3,4,5,7,8,9,10,11,12,13,14,15,17,18,19,20,22,23,24,25,26,27,28,29,31,32,34,35,36,37,38,39,40} accuracy is 71.7%
Using feature(s) {1,2,3,4,5,7,8,9,10,11,12,13,14,15,17,18,19,20,22,23,24,25,26,27,28,29,30,32,34,35,36,37,38,39,40} accuracy is 72.2%
Using feature(s) {1,2,3,4,5,7,8,9,10,11,12,13,14,15,17,18,19,20,22,23,24,25,26,27,28,29,30,31,34,35,36,37,38,39,40} accuracy is 73.5%
Using feature(s) {1,2,3,4,5,7,8,9,10,11,12,13,14,15,17,18,19,20,22,23,24,25,26,27,28,29,30,31,32,35,36,37,38,39,40} accuracy is 73.0%
Using feature(s) {1,2,3,4,5,7,8,9,10,11,12,13,14,15,17,18,19,20,22,23,24,25,26,27,28,29,30,31,32,34,36,37,38,39,40} accuracy is 71.0%
Using feature(s) {1,2,3,4,5,7,8,9,10,11,12,13,14,15,17,18,19,20,22,23,24,25,26,27,28,29,30,31,32,34,35,37,38,39,40} accuracy is 71.8%
Using feature(s) {1,2,3,4,5,7,8,9,10,11,12,13,14,15,17,18,19,20,22,23,24,25,26,27,28,29,30,31,32,34,35,36,38,39,40} accuracy is 72.2%
Using feature(s) {1,2,3,4,5,7,8,9,10,11,12,13,14,15,17,18,19,20,22,23,24,25,26,27,28,29,30,31,32,34,35,36,37,39,40} accuracy is 72.6%
Using feature(s) {1,2,3,4,5,7,8,9,10,11,12,13,14,15,17,18,19,20,22,23,24,25,26,27,28,29,30,31,32,34,35,36,37,38,40} accuracy is 72.3%
Using feature(s) {1,2,3,4,5,7,8,9,10,11,12,13,14,15,17,18,19,20,22,23,24,25,26,27,28,29,30,31,32,34,35,36,37,38,39} accuracy is 72.9%

Feature set {1,2,3,4,5,7,8,9,10,11,12,13,14,15,17,18,19,20,22,23,24,25,26,27,28,29,30,31,34,35,36,37,38,39,40} was best, accuracy is 73.5%

Using feature(s) {2,3,4,5,7,8,9,10,11,12,13,14,15,17,18,19,20,22,23,24,25,26,27,28,29,30,31,34,35,36,37,38,39,40} accuracy is 72.8%
Using feature(s) {1,3,4,5,7,8,9,10,11,12,13,14,15,17,18,19,20,22,23,24,25,26,27,28,29,30,31,34,35,36,37,38,39,40} accuracy is 72.2%
Using feature(s) {1,2,4,5,7,8,9,10,11,12,13,14,15,17,18,19,20,22,23,24,25,26,27,28,29,30,31,34,35,36,37,38,39,40} accuracy is 71.0%
Using feature(s) {1,2,3,5,7,8,9,10,11,12,13,14,15,17,18,19,20,22,23,24,25,26,27,28,29,30,31,34,35,36,37,38,39,40} accuracy is 72.9%
Using feature(s) {1,2,3,4,7,8,9,10,11,12,13,14,15,17,18,19,20,22,23,24,25,26,27,28,29,30,31,34,35,36,37,38,39,40} accuracy is 71.1%
Using feature(s) {1,2,3,4,5,8,9,10,11,12,13,14,15,17,18,19,20,22,23,24,25,26,27,28,29,30,31,34,35,36,37,38,39,40} accuracy is 73.7%
Using feature(s) {1,2,3,4,5,7,9,10,11,12,13,14,15,17,18,19,20,22,23,24,25,26,27,28,29,30,31,34,35,36,37,38,39,40} accuracy is 73.5%
Using feature(s) {1,2,3,4,5,7,8,10,11,12,13,14,15,17,18,19,20,22,23,24,25,26,27,28,29,30,31,34,35,36,37,38,39,40} accuracy is 72.5%
Using feature(s) {1,2,3,4,5,7,8,9,11,12,13,14,15,17,18,19,20,22,23,24,25,26,27,28,29,30,31,34,35,36,37,38,39,40} accuracy is 72.5%
Using feature(s) {1,2,3,4,5,7,8,9,10,12,13,14,15,17,18,19,20,22,23,24,25,26,27,28,29,30,31,34,35,36,37,38,39,40} accuracy is 72.2%
Using feature(s) {1,2,3,4,5,7,8,9,10,11,13,14,15,17,18,19,20,22,23,24,25,26,27,28,29,30,31,34,35,36,37,38,39,40} accuracy is 71.6%
Using feature(s) {1,2,3,4,5,7,8,9,10,11,12,14,15,17,18,19,20,22,23,24,25,26,27,28,29,30,31,34,35,36,37,38,39,40} accuracy is 72.6%
Using feature(s) {1,2,3,4,5,7,8,9,10,11,12,13,15,17,18,19,20,22,23,24,25,26,27,28,29,30,31,34,35,36,37,38,39,40} accuracy is 72.5%
Using feature(s) {1,2,3,4,5,7,8,9,10,11,12,13,14,17,18,19,20,22,23,24,25,26,27,28,29,30,31,34,35,36,37,38,39,40} accuracy is 73.1%
Using feature(s) {1,2,3,4,5,7,8,9,10,11,12,13,14,15,18,19,20,22,23,24,25,26,27,28,29,30,31,34,35,36,37,38,39,40} accuracy is 72.6%
Using feature(s) {1,2,3,4,5,7,8,9,10,11,12,13,14,15,17,19,20,22,23,24,25,26,27,28,29,30,31,34,35,36,37,38,39,40} accuracy is 72.5%
Using feature(s) {1,2,3,4,5,7,8,9,10,11,12,13,14,15,17,18,20,22,23,24,25,26,27,28,29,30,31,34,35,36,37,38,39,40} accuracy is 71.7%
Using feature(s) {1,2,3,4,5,7,8,9,10,11,12,13,14,15,17,18,19,22,23,24,25,26,27,28,29,30,31,34,35,36,37,38,39,40} accuracy is 72.3%
Using feature(s) {1,2,3,4,5,7,8,9,10,11,12,13,14,15,17,18,19,20,23,24,25,26,27,28,29,30,31,34,35,36,37,38,39,40} accuracy is 72.2%
Using feature(s) {1,2,3,4,5,7,8,9,10,11,12,13,14,15,17,18,19,20,22,24,25,26,27,28,29,30,31,34,35,36,37,38,39,40} accuracy is 73.1%
Using feature(s) {1,2,3,4,5,7,8,9,10,11,12,13,14,15,17,18,19,20,22,23,25,26,27,28,29,30,31,34,35,36,37,38,39,40} accuracy is 72.3%
Using feature(s) {1,2,3,4,5,7,8,9,10,11,12,13,14,15,17,18,19,20,22,23,24,26,27,28,29,30,31,34,35,36,37,38,39,40} accuracy is 71.9%
Using feature(s) {1,2,3,4,5,7,8,9,10,11,12,13,14,15,17,18,19,20,22,23,24,25,27,28,29,30,31,34,35,36,37,38,39,40} accuracy is 72.5%
Using feature(s) {1,2,3,4,5,7,8,9,10,11,12,13,14,15,17,18,19,20,22,23,24,25,26,28,29,30,31,34,35,36,37,38,39,40} accuracy is 71.9%
Using feature(s) {1,2,3,4,5,7,8,9,10,11,12,13,14,15,17,18,19,20,22,23,24,25,26,27,29,30,31,34,35,36,37,38,39,40} accuracy is 71.3%
Using feature(s) {1,2,3,4,5,7,8,9,10,11,12,13,14,15,17,18,19,20,22,23,24,25,26,27,28,30,31,34,35,36,37,38,39,40} accuracy is 72.6%
Using feature(s) {1,2,3,4,5,7,8,9,10,11,12,13,14,15,17,18,19,20,22,23,24,25,26,27,28,29,31,34,35,36,37,38,39,40} accuracy is 73.0%
Using feature(s) {1,2,3,4,5,7,8,9,10,11,12,13,14,15,17,18,19,20,22,23,24,25,26,27,28,29,30,34,35,36,37,38,39,40} accuracy is 72.9%
Using feature(s) {1,2,3,4,5,7,8,9,10,11,12,13,14,15,17,18,19,20,22,23,24,25,26,27,28,29,30,31,35,36,37,38,39,40} accuracy is 73.1%
Using feature(s) {1,2,3,4,5,7,8,9,10,11,12,13,14,15,17,18,19,20,22,23,24,25,26,27,28,29,30,31,34,36,37,38,39,40} accuracy is 70.3%
Using feature(s) {1,2,3,4,5,7,8,9,10,11,12,13,14,15,17,18,19,20,22,23,24,25,26,27,28,29,30,31,34,35,37,38,39,40} accuracy is 71.2%
Using feature(s) {1,2,3,4,5,7,8,9,10,11,12,13,14,15,17,18,19,20,22,23,24,25,26,27,28,29,30,31,34,35,36,38,39,40} accuracy is 72.4%
Using feature(s) {1,2,3,4,5,7,8,9,10,11,12,13,14,15,17,18,19,20,22,23,24,25,26,27,28,29,30,31,34,35,36,37,39,40} accuracy is 73.7%
Using feature(s) {1,2,3,4,5,7,8,9,10,11,12,13,14,15,17,18,19,20,22,23,24,25,26,27,28,29,30,31,34,35,36,37,38,40} accuracy is 73.4%
Using feature(s) {1,2,3,4,5,7,8,9,10,11,12,13,14,15,17,18,19,20,22,23,24,25,26,27,28,29,30,31,34,35,36,37,38,39} accuracy is 72.7%

Feature set {1,2,3,4,5,8,9,10,11,12,13,14,15,17,18,19,20,22,23,24,25,26,27,28,29,30,31,34,35,36,37,38,39,40} was best, accuracy is 73.7%

Using feature(s) {2,3,4,5,8,9,10,11,12,13,14,15,17,18,19,20,22,23,24,25,26,27,28,29,30,31,34,35,36,37,38,39,40} accuracy is 71.4%
Using feature(s) {1,3,4,5,8,9,10,11,12,13,14,15,17,18,19,20,22,23,24,25,26,27,28,29,30,31,34,35,36,37,38,39,40} accuracy is 73.7%
Using feature(s) {1,2,4,5,8,9,10,11,12,13,14,15,17,18,19,20,22,23,24,25,26,27,28,29,30,31,34,35,36,37,38,39,40} accuracy is 71.7%
Using feature(s) {1,2,3,5,8,9,10,11,12,13,14,15,17,18,19,20,22,23,24,25,26,27,28,29,30,31,34,35,36,37,38,39,40} accuracy is 73.9%
Using feature(s) {1,2,3,4,8,9,10,11,12,13,14,15,17,18,19,20,22,23,24,25,26,27,28,29,30,31,34,35,36,37,38,39,40} accuracy is 71.4%
Using feature(s) {1,2,3,4,5,9,10,11,12,13,14,15,17,18,19,20,22,23,24,25,26,27,28,29,30,31,34,35,36,37,38,39,40} accuracy is 72.9%
Using feature(s) {1,2,3,4,5,8,10,11,12,13,14,15,17,18,19,20,22,23,24,25,26,27,28,29,30,31,34,35,36,37,38,39,40} accuracy is 72.5%
Using feature(s) {1,2,3,4,5,8,9,11,12,13,14,15,17,18,19,20,22,23,24,25,26,27,28,29,30,31,34,35,36,37,38,39,40} accuracy is 71.4%
Using feature(s) {1,2,3,4,5,8,9,10,12,13,14,15,17,18,19,20,22,23,24,25,26,27,28,29,30,31,34,35,36,37,38,39,40} accuracy is 72.4%
Using feature(s) {1,2,3,4,5,8,9,10,11,13,14,15,17,18,19,20,22,23,24,25,26,27,28,29,30,31,34,35,36,37,38,39,40} accuracy is 70.6%
Using feature(s) {1,2,3,4,5,8,9,10,11,12,14,15,17,18,19,20,22,23,24,25,26,27,28,29,30,31,34,35,36,37,38,39,40} accuracy is 72.8%
Using feature(s) {1,2,3,4,5,8,9,10,11,12,13,15,17,18,19,20,22,23,24,25,26,27,28,29,30,31,34,35,36,37,38,39,40} accuracy is 71.9%
Using feature(s) {1,2,3,4,5,8,9,10,11,12,13,14,17,18,19,20,22,23,24,25,26,27,28,29,30,31,34,35,36,37,38,39,40} accuracy is 72.3%
Using feature(s) {1,2,3,4,5,8,9,10,11,12,13,14,15,18,19,20,22,23,24,25,26,27,28,29,30,31,34,35,36,37,38,39,40} accuracy is 72.9%
Using feature(s) {1,2,3,4,5,8,9,10,11,12,13,14,15,17,19,20,22,23,24,25,26,27,28,29,30,31,34,35,36,37,38,39,40} accuracy is 72.9%
Using feature(s) {1,2,3,4,5,8,9,10,11,12,13,14,15,17,18,20,22,23,24,25,26,27,28,29,30,31,34,35,36,37,38,39,40} accuracy is 72.4%
Using feature(s) {1,2,3,4,5,8,9,10,11,12,13,14,15,17,18,19,22,23,24,25,26,27,28,29,30,31,34,35,36,37,38,39,40} accuracy is 72.1%
Using feature(s) {1,2,3,4,5,8,9,10,11,12,13,14,15,17,18,19,20,23,24,25,26,27,28,29,30,31,34,35,36,37,38,39,40} accuracy is 71.3%
Using feature(s) {1,2,3,4,5,8,9,10,11,12,13,14,15,17,18,19,20,22,24,25,26,27,28,29,30,31,34,35,36,37,38,39,40} accuracy is 73.3%
Using feature(s) {1,2,3,4,5,8,9,10,11,12,13,14,15,17,18,19,20,22,23,25,26,27,28,29,30,31,34,35,36,37,38,39,40} accuracy is 71.7%
Using feature(s) {1,2,3,4,5,8,9,10,11,12,13,14,15,17,18,19,20,22,23,24,26,27,28,29,30,31,34,35,36,37,38,39,40} accuracy is 71.6%
Using feature(s) {1,2,3,4,5,8,9,10,11,12,13,14,15,17,18,19,20,22,23,24,25,27,28,29,30,31,34,35,36,37,38,39,40} accuracy is 72.3%
Using feature(s) {1,2,3,4,5,8,9,10,11,12,13,14,15,17,18,19,20,22,23,24,25,26,28,29,30,31,34,35,36,37,38,39,40} accuracy is 71.8%
Using feature(s) {1,2,3,4,5,8,9,10,11,12,13,14,15,17,18,19,20,22,23,24,25,26,27,29,30,31,34,35,36,37,38,39,40} accuracy is 71.6%
Using feature(s) {1,2,3,4,5,8,9,10,11,12,13,14,15,17,18,19,20,22,23,24,25,26,27,28,30,31,34,35,36,37,38,39,40} accuracy is 73.0%
Using feature(s) {1,2,3,4,5,8,9,10,11,12,13,14,15,17,18,19,20,22,23,24,25,26,27,28,29,31,34,35,36,37,38,39,40} accuracy is 72.4%
Using feature(s) {1,2,3,4,5,8,9,10,11,12,13,14,15,17,18,19,20,22,23,24,25,26,27,28,29,30,34,35,36,37,38,39,40} accuracy is 71.8%
Using feature(s) {1,2,3,4,5,8,9,10,11,12,13,14,15,17,18,19,20,22,23,24,25,26,27,28,29,30,31,35,36,37,38,39,40} accuracy is 72.6%
Using feature(s) {1,2,3,4,5,8,9,10,11,12,13,14,15,17,18,19,20,22,23,24,25,26,27,28,29,30,31,34,36,37,38,39,40} accuracy is 70.6%
Using feature(s) {1,2,3,4,5,8,9,10,11,12,13,14,15,17,18,19,20,22,23,24,25,26,27,28,29,30,31,34,35,37,38,39,40} accuracy is 71.3%
Using feature(s) {1,2,3,4,5,8,9,10,11,12,13,14,15,17,18,19,20,22,23,24,25,26,27,28,29,30,31,34,35,36,38,39,40} accuracy is 71.4%
Using feature(s) {1,2,3,4,5,8,9,10,11,12,13,14,15,17,18,19,20,22,23,24,25,26,27,28,29,30,31,34,35,36,37,39,40} accuracy is 73.1%
Using feature(s) {1,2,3,4,5,8,9,10,11,12,13,14,15,17,18,19,20,22,23,24,25,26,27,28,29,30,31,34,35,36,37,38,40} accuracy is 73.2%
Using feature(s) {1,2,3,4,5,8,9,10,11,12,13,14,15,17,18,19,20,22,23,24,25,26,27,28,29,30,31,34,35,36,37,38,39} accuracy is 72.7%

Feature set {1,2,3,5,8,9,10,11,12,13,14,15,17,18,19,20,22,23,24,25,26,27,28,29,30,31,34,35,36,37,38,39,40} was best, accuracy is 73.9%

Using feature(s) {2,3,5,8,9,10,11,12,13,14,15,17,18,19,20,22,23,24,25,26,27,28,29,30,31,34,35,36,37,38,39,40} accuracy is 72.8%
Using feature(s) {1,3,5,8,9,10,11,12,13,14,15,17,18,19,20,22,23,24,25,26,27,28,29,30,31,34,35,36,37,38,39,40} accuracy is 72.5%
Using feature(s) {1,2,5,8,9,10,11,12,13,14,15,17,18,19,20,22,23,24,25,26,27,28,29,30,31,34,35,36,37,38,39,40} accuracy is 72.3%
Using feature(s) {1,2,3,8,9,10,11,12,13,14,15,17,18,19,20,22,23,24,25,26,27,28,29,30,31,34,35,36,37,38,39,40} accuracy is 71.8%
Using feature(s) {1,2,3,5,9,10,11,12,13,14,15,17,18,19,20,22,23,24,25,26,27,28,29,30,31,34,35,36,37,38,39,40} accuracy is 73.3%
Using feature(s) {1,2,3,5,8,10,11,12,13,14,15,17,18,19,20,22,23,24,25,26,27,28,29,30,31,34,35,36,37,38,39,40} accuracy is 72.1%
Using feature(s) {1,2,3,5,8,9,11,12,13,14,15,17,18,19,20,22,23,24,25,26,27,28,29,30,31,34,35,36,37,38,39,40} accuracy is 72.6%
Using feature(s) {1,2,3,5,8,9,10,12,13,14,15,17,18,19,20,22,23,24,25,26,27,28,29,30,31,34,35,36,37,38,39,40} accuracy is 73.0%
Using feature(s) {1,2,3,5,8,9,10,11,13,14,15,17,18,19,20,22,23,24,25,26,27,28,29,30,31,34,35,36,37,38,39,40} accuracy is 72.2%
Using feature(s) {1,2,3,5,8,9,10,11,12,14,15,17,18,19,20,22,23,24,25,26,27,28,29,30,31,34,35,36,37,38,39,40} accuracy is 73.7%
Using feature(s) {1,2,3,5,8,9,10,11,12,13,15,17,18,19,20,22,23,24,25,26,27,28,29,30,31,34,35,36,37,38,39,40} accuracy is 73.3%
Using feature(s) {1,2,3,5,8,9,10,11,12,13,14,17,18,19,20,22,23,24,25,26,27,28,29,30,31,34,35,36,37,38,39,40} accuracy is 73.1%
Using feature(s) {1,2,3,5,8,9,10,11,12,13,14,15,18,19,20,22,23,24,25,26,27,28,29,30,31,34,35,36,37,38,39,40} accuracy is 72.7%
Using feature(s) {1,2,3,5,8,9,10,11,12,13,14,15,17,19,20,22,23,24,25,26,27,28,29,30,31,34,35,36,37,38,39,40} accuracy is 72.2%
Using feature(s) {1,2,3,5,8,9,10,11,12,13,14,15,17,18,20,22,23,24,25,26,27,28,29,30,31,34,35,36,37,38,39,40} accuracy is 72.4%
Using feature(s) {1,2,3,5,8,9,10,11,12,13,14,15,17,18,19,22,23,24,25,26,27,28,29,30,31,34,35,36,37,38,39,40} accuracy is 70.7%
Using feature(s) {1,2,3,5,8,9,10,11,12,13,14,15,17,18,19,20,23,24,25,26,27,28,29,30,31,34,35,36,37,38,39,40} accuracy is 71.7%
Using feature(s) {1,2,3,5,8,9,10,11,12,13,14,15,17,18,19,20,22,24,25,26,27,28,29,30,31,34,35,36,37,38,39,40} accuracy is 73.8%
Using feature(s) {1,2,3,5,8,9,10,11,12,13,14,15,17,18,19,20,22,23,25,26,27,28,29,30,31,34,35,36,37,38,39,40} accuracy is 73.6%
Using feature(s) {1,2,3,5,8,9,10,11,12,13,14,15,17,18,19,20,22,23,24,26,27,28,29,30,31,34,35,36,37,38,39,40} accuracy is 72.9%
Using feature(s) {1,2,3,5,8,9,10,11,12,13,14,15,17,18,19,20,22,23,24,25,27,28,29,30,31,34,35,36,37,38,39,40} accuracy is 71.4%
Using feature(s) {1,2,3,5,8,9,10,11,12,13,14,15,17,18,19,20,22,23,24,25,26,28,29,30,31,34,35,36,37,38,39,40} accuracy is 72.2%
Using feature(s) {1,2,3,5,8,9,10,11,12,13,14,15,17,18,19,20,22,23,24,25,26,27,29,30,31,34,35,36,37,38,39,40} accuracy is 72.5%
Using feature(s) {1,2,3,5,8,9,10,11,12,13,14,15,17,18,19,20,22,23,24,25,26,27,28,30,31,34,35,36,37,38,39,40} accuracy is 73.8%
Using feature(s) {1,2,3,5,8,9,10,11,12,13,14,15,17,18,19,20,22,23,24,25,26,27,28,29,31,34,35,36,37,38,39,40} accuracy is 71.7%
Using feature(s) {1,2,3,5,8,9,10,11,12,13,14,15,17,18,19,20,22,23,24,25,26,27,28,29,30,34,35,36,37,38,39,40} accuracy is 72.5%
Using feature(s) {1,2,3,5,8,9,10,11,12,13,14,15,17,18,19,20,22,23,24,25,26,27,28,29,30,31,35,36,37,38,39,40} accuracy is 73.1%
Using feature(s) {1,2,3,5,8,9,10,11,12,13,14,15,17,18,19,20,22,23,24,25,26,27,28,29,30,31,34,36,37,38,39,40} accuracy is 71.4%
Using feature(s) {1,2,3,5,8,9,10,11,12,13,14,15,17,18,19,20,22,23,24,25,26,27,28,29,30,31,34,35,37,38,39,40} accuracy is 72.4%
Using feature(s) {1,2,3,5,8,9,10,11,12,13,14,15,17,18,19,20,22,23,24,25,26,27,28,29,30,31,34,35,36,38,39,40} accuracy is 72.2%
Using feature(s) {1,2,3,5,8,9,10,11,12,13,14,15,17,18,19,20,22,23,24,25,26,27,28,29,30,31,34,35,36,37,39,40} accuracy is 73.5%
Using feature(s) {1,2,3,5,8,9,10,11,12,13,14,15,17,18,19,20,22,23,24,25,26,27,28,29,30,31,34,35,36,37,38,40} accuracy is 73.9%
Using feature(s) {1,2,3,5,8,9,10,11,12,13,14,15,17,18,19,20,22,23,24,25,26,27,28,29,30,31,34,35,36,37,38,39} accuracy is 72.7%

Feature set {1,2,3,5,8,9,10,11,12,13,14,15,17,18,19,20,22,23,24,25,26,27,28,29,30,31,34,35,36,37,38,40} was best, accuracy is 73.9%

Using feature(s) {2,3,5,8,9,10,11,12,13,14,15,17,18,19,20,22,23,24,25,26,27,28,29,30,31,34,35,36,37,38,40} accuracy is 73.5%
Using feature(s) {1,3,5,8,9,10,11,12,13,14,15,17,18,19,20,22,23,24,25,26,27,28,29,30,31,34,35,36,37,38,40} accuracy is 73.1%
Using feature(s) {1,2,5,8,9,10,11,12,13,14,15,17,18,19,20,22,23,24,25,26,27,28,29,30,31,34,35,36,37,38,40} accuracy is 71.0%
Using feature(s) {1,2,3,8,9,10,11,12,13,14,15,17,18,19,20,22,23,24,25,26,27,28,29,30,31,34,35,36,37,38,40} accuracy is 72.1%
Using feature(s) {1,2,3,5,9,10,11,12,13,14,15,17,18,19,20,22,23,24,25,26,27,28,29,30,31,34,35,36,37,38,40} accuracy is 74.1%
Using feature(s) {1,2,3,5,8,10,11,12,13,14,15,17,18,19,20,22,23,24,25,26,27,28,29,30,31,34,35,36,37,38,40} accuracy is 72.4%
Using feature(s) {1,2,3,5,8,9,11,12,13,14,15,17,18,19,20,22,23,24,25,26,27,28,29,30,31,34,35,36,37,38,40} accuracy is 73.0%
Using feature(s) {1,2,3,5,8,9,10,12,13,14,15,17,18,19,20,22,23,24,25,26,27,28,29,30,31,34,35,36,37,38,40} accuracy is 72.7%
Using feature(s) {1,2,3,5,8,9,10,11,13,14,15,17,18,19,20,22,23,24,25,26,27,28,29,30,31,34,35,36,37,38,40} accuracy is 71.9%
Using feature(s) {1,2,3,5,8,9,10,11,12,14,15,17,18,19,20,22,23,24,25,26,27,28,29,30,31,34,35,36,37,38,40} accuracy is 73.4%
Using feature(s) {1,2,3,5,8,9,10,11,12,13,15,17,18,19,20,22,23,24,25,26,27,28,29,30,31,34,35,36,37,38,40} accuracy is 73.7%
Using feature(s) {1,2,3,5,8,9,10,11,12,13,14,17,18,19,20,22,23,24,25,26,27,28,29,30,31,34,35,36,37,38,40} accuracy is 73.4%
Using feature(s) {1,2,3,5,8,9,10,11,12,13,14,15,18,19,20,22,23,24,25,26,27,28,29,30,31,34,35,36,37,38,40} accuracy is 72.4%
Using feature(s) {1,2,3,5,8,9,10,11,12,13,14,15,17,19,20,22,23,24,25,26,27,28,29,30,31,34,35,36,37,38,40} accuracy is 72.3%
Using feature(s) {1,2,3,5,8,9,10,11,12,13,14,15,17,18,20,22,23,24,25,26,27,28,29,30,31,34,35,36,37,38,40} accuracy is 72.1%
Using feature(s) {1,2,3,5,8,9,10,11,12,13,14,15,17,18,19,22,23,24,25,26,27,28,29,30,31,34,35,36,37,38,40} accuracy is 72.5%
Using feature(s) {1,2,3,5,8,9,10,11,12,13,14,15,17,18,19,20,23,24,25,26,27,28,29,30,31,34,35,36,37,38,40} accuracy is 72.3%
Using feature(s) {1,2,3,5,8,9,10,11,12,13,14,15,17,18,19,20,22,24,25,26,27,28,29,30,31,34,35,36,37,38,40} accuracy is 72.0%
Using feature(s) {1,2,3,5,8,9,10,11,12,13,14,15,17,18,19,20,22,23,25,26,27,28,29,30,31,34,35,36,37,38,40} accuracy is 72.7%
Using feature(s) {1,2,3,5,8,9,10,11,12,13,14,15,17,18,19,20,22,23,24,26,27,28,29,30,31,34,35,36,37,38,40} accuracy is 73.4%
Using feature(s) {1,2,3,5,8,9,10,11,12,13,14,15,17,18,19,20,22,23,24,25,27,28,29,30,31,34,35,36,37,38,40} accuracy is 72.0%
Using feature(s) {1,2,3,5,8,9,10,11,12,13,14,15,17,18,19,20,22,23,24,25,26,28,29,30,31,34,35,36,37,38,40} accuracy is 72.3%
Using feature(s) {1,2,3,5,8,9,10,11,12,13,14,15,17,18,19,20,22,23,24,25,26,27,29,30,31,34,35,36,37,38,40} accuracy is 72.1%
Using feature(s) {1,2,3,5,8,9,10,11,12,13,14,15,17,18,19,20,22,23,24,25,26,27,28,30,31,34,35,36,37,38,40} accuracy is 73.1%
Using feature(s) {1,2,3,5,8,9,10,11,12,13,14,15,17,18,19,20,22,23,24,25,26,27,28,29,31,34,35,36,37,38,40} accuracy is 72.4%
Using feature(s) {1,2,3,5,8,9,10,11,12,13,14,15,17,18,19,20,22,23,24,25,26,27,28,29,30,34,35,36,37,38,40} accuracy is 72.3%
Using feature(s) {1,2,3,5,8,9,10,11,12,13,14,15,17,18,19,20,22,23,24,25,26,27,28,29,30,31,35,36,37,38,40} accuracy is 72.5%
Using feature(s) {1,2,3,5,8,9,10,11,12,13,14,15,17,18,19,20,22,23,24,25,26,27,28,29,30,31,34,36,37,38,40} accuracy is 71.8%
Using feature(s) {1,2,3,5,8,9,10,11,12,13,14,15,17,18,19,20,22,23,24,25,26,27,28,29,30,31,34,35,37,38,40} accuracy is 72.9%
Using feature(s) {1,2,3,5,8,9,10,11,12,13,14,15,17,18,19,20,22,23,24,25,26,27,28,29,30,31,34,35,36,38,40} accuracy is 73.4%
Using feature(s) {1,2,3,5,8,9,10,11,12,13,14,15,17,18,19,20,22,23,24,25,26,27,28,29,30,31,34,35,36,37,40} accuracy is 73.2%
Using feature(s) {1,2,3,5,8,9,10,11,12,13,14,15,17,18,19,20,22,23,24,25,26,27,28,29,30,31,34,35,36,37,38} accuracy is 71.2%

Feature set {1,2,3,5,9,10,11,12,13,14,15,17,18,19,20,22,23,24,25,26,27,28,29,30,31,34,35,36,37,38,40} was best, accuracy is 74.1%

Using feature(s) {2,3,5,9,10,11,12,13,14,15,17,18,19,20,22,23,24,25,26,27,28,29,30,31,34,35,36,37,38,40} accuracy is 73.1%
Using feature(s) {1,3,5,9,10,11,12,13,14,15,17,18,19,20,22,23,24,25,26,27,28,29,30,31,34,35,36,37,38,40} accuracy is 74.0%
Using feature(s) {1,2,5,9,10,11,12,13,14,15,17,18,19,20,22,23,24,25,26,27,28,29,30,31,34,35,36,37,38,40} accuracy is 72.1%
Using feature(s) {1,2,3,9,10,11,12,13,14,15,17,18,19,20,22,23,24,25,26,27,28,29,30,31,34,35,36,37,38,40} accuracy is 72.0%
Using feature(s) {1,2,3,5,10,11,12,13,14,15,17,18,19,20,22,23,24,25,26,27,28,29,30,31,34,35,36,37,38,40} accuracy is 72.6%
Using feature(s) {1,2,3,5,9,11,12,13,14,15,17,18,19,20,22,23,24,25,26,27,28,29,30,31,34,35,36,37,38,40} accuracy is 73.3%
Using feature(s) {1,2,3,5,9,10,12,13,14,15,17,18,19,20,22,23,24,25,26,27,28,29,30,31,34,35,36,37,38,40} accuracy is 72.6%
Using feature(s) {1,2,3,5,9,10,11,13,14,15,17,18,19,20,22,23,24,25,26,27,28,29,30,31,34,35,36,37,38,40} accuracy is 71.9%
Using feature(s) {1,2,3,5,9,10,11,12,14,15,17,18,19,20,22,23,24,25,26,27,28,29,30,31,34,35,36,37,38,40} accuracy is 73.2%
Using feature(s) {1,2,3,5,9,10,11,12,13,15,17,18,19,20,22,23,24,25,26,27,28,29,30,31,34,35,36,37,38,40} accuracy is 74.5%
Using feature(s) {1,2,3,5,9,10,11,12,13,14,17,18,19,20,22,23,24,25,26,27,28,29,30,31,34,35,36,37,38,40} accuracy is 74.5%
Using feature(s) {1,2,3,5,9,10,11,12,13,14,15,18,19,20,22,23,24,25,26,27,28,29,30,31,34,35,36,37,38,40} accuracy is 73.1%
Using feature(s) {1,2,3,5,9,10,11,12,13,14,15,17,19,20,22,23,24,25,26,27,28,29,30,31,34,35,36,37,38,40} accuracy is 72.7%
Using feature(s) {1,2,3,5,9,10,11,12,13,14,15,17,18,20,22,23,24,25,26,27,28,29,30,31,34,35,36,37,38,40} accuracy is 72.5%
Using feature(s) {1,2,3,5,9,10,11,12,13,14,15,17,18,19,22,23,24,25,26,27,28,29,30,31,34,35,36,37,38,40} accuracy is 72.6%
Using feature(s) {1,2,3,5,9,10,11,12,13,14,15,17,18,19,20,23,24,25,26,27,28,29,30,31,34,35,36,37,38,40} accuracy is 72.4%
Using feature(s) {1,2,3,5,9,10,11,12,13,14,15,17,18,19,20,22,24,25,26,27,28,29,30,31,34,35,36,37,38,40} accuracy is 73.2%
Using feature(s) {1,2,3,5,9,10,11,12,13,14,15,17,18,19,20,22,23,25,26,27,28,29,30,31,34,35,36,37,38,40} accuracy is 72.7%
Using feature(s) {1,2,3,5,9,10,11,12,13,14,15,17,18,19,20,22,23,24,26,27,28,29,30,31,34,35,36,37,38,40} accuracy is 74.5%
Using feature(s) {1,2,3,5,9,10,11,12,13,14,15,17,18,19,20,22,23,24,25,27,28,29,30,31,34,35,36,37,38,40} accuracy is 73.2%
Using feature(s) {1,2,3,5,9,10,11,12,13,14,15,17,18,19,20,22,23,24,25,26,28,29,30,31,34,35,36,37,38,40} accuracy is 73.5%
Using feature(s) {1,2,3,5,9,10,11,12,13,14,15,17,18,19,20,22,23,24,25,26,27,29,30,31,34,35,36,37,38,40} accuracy is 72.5%
Using feature(s) {1,2,3,5,9,10,11,12,13,14,15,17,18,19,20,22,23,24,25,26,27,28,30,31,34,35,36,37,38,40} accuracy is 72.6%
Using feature(s) {1,2,3,5,9,10,11,12,13,14,15,17,18,19,20,22,23,24,25,26,27,28,29,31,34,35,36,37,38,40} accuracy is 72.9%
Using feature(s) {1,2,3,5,9,10,11,12,13,14,15,17,18,19,20,22,23,24,25,26,27,28,29,30,34,35,36,37,38,40} accuracy is 72.5%
Using feature(s) {1,2,3,5,9,10,11,12,13,14,15,17,18,19,20,22,23,24,25,26,27,28,29,30,31,35,36,37,38,40} accuracy is 72.4%
Using feature(s) {1,2,3,5,9,10,11,12,13,14,15,17,18,19,20,22,23,24,25,26,27,28,29,30,31,34,36,37,38,40} accuracy is 72.4%
Using feature(s) {1,2,3,5,9,10,11,12,13,14,15,17,18,19,20,22,23,24,25,26,27,28,29,30,31,34,35,37,38,40} accuracy is 72.3%
Using feature(s) {1,2,3,5,9,10,11,12,13,14,15,17,18,19,20,22,23,24,25,26,27,28,29,30,31,34,35,36,38,40} accuracy is 72.8%
Using feature(s) {1,2,3,5,9,10,11,12,13,14,15,17,18,19,20,22,23,24,25,26,27,28,29,30,31,34,35,36,37,40} accuracy is 73.6%
Using feature(s) {1,2,3,5,9,10,11,12,13,14,15,17,18,19,20,22,23,24,25,26,27,28,29,30,31,34,35,36,37,38} accuracy is 73.2%

Feature set {1,2,3,5,9,10,11,12,13,15,17,18,19,20,22,23,24,25,26,27,28,29,30,31,34,35,36,37,38,40} was best, accuracy is 74.5%

Using feature(s) {2,3,5,9,10,11,12,13,15,17,18,19,20,22,23,24,25,26,27,28,29,30,31,34,35,36,37,38,40} accuracy is 72.7%
Using feature(s) {1,3,5,9,10,11,12,13,15,17,18,19,20,22,23,24,25,26,27,28,29,30,31,34,35,36,37,38,40} accuracy is 73.5%
Using feature(s) {1,2,5,9,10,11,12,13,15,17,18,19,20,22,23,24,25,26,27,28,29,30,31,34,35,36,37,38,40} accuracy is 72.0%
Using feature(s) {1,2,3,9,10,11,12,13,15,17,18,19,20,22,23,24,25,26,27,28,29,30,31,34,35,36,37,38,40} accuracy is 73.4%
Using feature(s) {1,2,3,5,10,11,12,13,15,17,18,19,20,22,23,24,25,26,27,28,29,30,31,34,35,36,37,38,40} accuracy is 71.9%
Using feature(s) {1,2,3,5,9,11,12,13,15,17,18,19,20,22,23,24,25,26,27,28,29,30,31,34,35,36,37,38,40} accuracy is 71.6%
Using feature(s) {1,2,3,5,9,10,12,13,15,17,18,19,20,22,23,24,25,26,27,28,29,30,31,34,35,36,37,38,40} accuracy is 73.5%
Using feature(s) {1,2,3,5,9,10,11,13,15,17,18,19,20,22,23,24,25,26,27,28,29,30,31,34,35,36,37,38,40} accuracy is 70.9%
Using feature(s) {1,2,3,5,9,10,11,12,15,17,18,19,20,22,23,24,25,26,27,28,29,30,31,34,35,36,37,38,40} accuracy is 72.3%
Using feature(s) {1,2,3,5,9,10,11,12,13,17,18,19,20,22,23,24,25,26,27,28,29,30,31,34,35,36,37,38,40} accuracy is 73.4%
Using feature(s) {1,2,3,5,9,10,11,12,13,15,18,19,20,22,23,24,25,26,27,28,29,30,31,34,35,36,37,38,40} accuracy is 73.2%
Using feature(s) {1,2,3,5,9,10,11,12,13,15,17,19,20,22,23,24,25,26,27,28,29,30,31,34,35,36,37,38,40} accuracy is 71.9%
Using feature(s) {1,2,3,5,9,10,11,12,13,15,17,18,20,22,23,24,25,26,27,28,29,30,31,34,35,36,37,38,40} accuracy is 71.5%
Using feature(s) {1,2,3,5,9,10,11,12,13,15,17,18,19,22,23,24,25,26,27,28,29,30,31,34,35,36,37,38,40} accuracy is 71.7%
Using feature(s) {1,2,3,5,9,10,11,12,13,15,17,18,19,20,23,24,25,26,27,28,29,30,31,34,35,36,37,38,40} accuracy is 73.5%
Using feature(s) {1,2,3,5,9,10,11,12,13,15,17,18,19,20,22,24,25,26,27,28,29,30,31,34,35,36,37,38,40} accuracy is 73.5%
Using feature(s) {1,2,3,5,9,10,11,12,13,15,17,18,19,20,22,23,25,26,27,28,29,30,31,34,35,36,37,38,40} accuracy is 73.8%
Using feature(s) {1,2,3,5,9,10,11,12,13,15,17,18,19,20,22,23,24,26,27,28,29,30,31,34,35,36,37,38,40} accuracy is 74.2%
Using feature(s) {1,2,3,5,9,10,11,12,13,15,17,18,19,20,22,23,24,25,27,28,29,30,31,34,35,36,37,38,40} accuracy is 73.9%
Using feature(s) {1,2,3,5,9,10,11,12,13,15,17,18,19,20,22,23,24,25,26,28,29,30,31,34,35,36,37,38,40} accuracy is 72.9%
Using feature(s) {1,2,3,5,9,10,11,12,13,15,17,18,19,20,22,23,24,25,26,27,29,30,31,34,35,36,37,38,40} accuracy is 73.2%
Using feature(s) {1,2,3,5,9,10,11,12,13,15,17,18,19,20,22,23,24,25,26,27,28,30,31,34,35,36,37,38,40} accuracy is 73.2%
Using feature(s) {1,2,3,5,9,10,11,12,13,15,17,18,19,20,22,23,24,25,26,27,28,29,31,34,35,36,37,38,40} accuracy is 72.0%
Using feature(s) {1,2,3,5,9,10,11,12,13,15,17,18,19,20,22,23,24,25,26,27,28,29,30,34,35,36,37,38,40} accuracy is 73.3%
Using feature(s) {1,2,3,5,9,10,11,12,13,15,17,18,19,20,22,23,24,25,26,27,28,29,30,31,35,36,37,38,40} accuracy is 71.5%
Using feature(s) {1,2,3,5,9,10,11,12,13,15,17,18,19,20,22,23,24,25,26,27,28,29,30,31,34,36,37,38,40} accuracy is 72.9%
Using feature(s) {1,2,3,5,9,10,11,12,13,15,17,18,19,20,22,23,24,25,26,27,28,29,30,31,34,35,37,38,40} accuracy is 72.4%
Using feature(s) {1,2,3,5,9,10,11,12,13,15,17,18,19,20,22,23,24,25,26,27,28,29,30,31,34,35,36,38,40} accuracy is 72.7%
Using feature(s) {1,2,3,5,9,10,11,12,13,15,17,18,19,20,22,23,24,25,26,27,28,29,30,31,34,35,36,37,40} accuracy is 73.5%
Using feature(s) {1,2,3,5,9,10,11,12,13,15,17,18,19,20,22,23,24,25,26,27,28,29,30,31,34,35,36,37,38} accuracy is 73.4%

Feature set {1,2,3,5,9,10,11,12,13,15,17,18,19,20,22,23,24,26,27,28,29,30,31,34,35,36,37,38,40} was best, accuracy is 74.2%

Using feature(s) {2,3,5,9,10,11,12,13,15,17,18,19,20,22,23,24,26,27,28,29,30,31,34,35,36,37,38,40} accuracy is 73.3%
Using feature(s) {1,3,5,9,10,11,12,13,15,17,18,19,20,22,23,24,26,27,28,29,30,31,34,35,36,37,38,40} accuracy is 72.7%
Using feature(s) {1,2,5,9,10,11,12,13,15,17,18,19,20,22,23,24,26,27,28,29,30,31,34,35,36,37,38,40} accuracy is 74.0%
Using feature(s) {1,2,3,9,10,11,12,13,15,17,18,19,20,22,23,24,26,27,28,29,30,31,34,35,36,37,38,40} accuracy is 73.4%
Using feature(s) {1,2,3,5,10,11,12,13,15,17,18,19,20,22,23,24,26,27,28,29,30,31,34,35,36,37,38,40} accuracy is 72.3%
Using feature(s) {1,2,3,5,9,11,12,13,15,17,18,19,20,22,23,24,26,27,28,29,30,31,34,35,36,37,38,40} accuracy is 73.3%
Using feature(s) {1,2,3,5,9,10,12,13,15,17,18,19,20,22,23,24,26,27,28,29,30,31,34,35,36,37,38,40} accuracy is 73.7%
Using feature(s) {1,2,3,5,9,10,11,13,15,17,18,19,20,22,23,24,26,27,28,29,30,31,34,35,36,37,38,40} accuracy is 72.0%
Using feature(s) {1,2,3,5,9,10,11,12,15,17,18,19,20,22,23,24,26,27,28,29,30,31,34,35,36,37,38,40} accuracy is 72.9%
Using feature(s) {1,2,3,5,9,10,11,12,13,17,18,19,20,22,23,24,26,27,28,29,30,31,34,35,36,37,38,40} accuracy is 74.3%
Using feature(s) {1,2,3,5,9,10,11,12,13,15,18,19,20,22,23,24,26,27,28,29,30,31,34,35,36,37,38,40} accuracy is 74.1%
Using feature(s) {1,2,3,5,9,10,11,12,13,15,17,19,20,22,23,24,26,27,28,29,30,31,34,35,36,37,38,40} accuracy is 73.5%
Using feature(s) {1,2,3,5,9,10,11,12,13,15,17,18,20,22,23,24,26,27,28,29,30,31,34,35,36,37,38,40} accuracy is 72.6%
Using feature(s) {1,2,3,5,9,10,11,12,13,15,17,18,19,22,23,24,26,27,28,29,30,31,34,35,36,37,38,40} accuracy is 72.3%
Using feature(s) {1,2,3,5,9,10,11,12,13,15,17,18,19,20,23,24,26,27,28,29,30,31,34,35,36,37,38,40} accuracy is 73.5%
Using feature(s) {1,2,3,5,9,10,11,12,13,15,17,18,19,20,22,24,26,27,28,29,30,31,34,35,36,37,38,40} accuracy is 73.3%
Using feature(s) {1,2,3,5,9,10,11,12,13,15,17,18,19,20,22,23,26,27,28,29,30,31,34,35,36,37,38,40} accuracy is 73.4%
Using feature(s) {1,2,3,5,9,10,11,12,13,15,17,18,19,20,22,23,24,27,28,29,30,31,34,35,36,37,38,40} accuracy is 74.7%
Using feature(s) {1,2,3,5,9,10,11,12,13,15,17,18,19,20,22,23,24,26,28,29,30,31,34,35,36,37,38,40} accuracy is 73.9%
Using feature(s) {1,2,3,5,9,10,11,12,13,15,17,18,19,20,22,23,24,26,27,29,30,31,34,35,36,37,38,40} accuracy is 73.4%
Using feature(s) {1,2,3,5,9,10,11,12,13,15,17,18,19,20,22,23,24,26,27,28,30,31,34,35,36,37,38,40} accuracy is 74.3%
Using feature(s) {1,2,3,5,9,10,11,12,13,15,17,18,19,20,22,23,24,26,27,28,29,31,34,35,36,37,38,40} accuracy is 72.3%
Using feature(s) {1,2,3,5,9,10,11,12,13,15,17,18,19,20,22,23,24,26,27,28,29,30,34,35,36,37,38,40} accuracy is 72.8%
Using feature(s) {1,2,3,5,9,10,11,12,13,15,17,18,19,20,22,23,24,26,27,28,29,30,31,35,36,37,38,40} accuracy is 72.9%
Using feature(s) {1,2,3,5,9,10,11,12,13,15,17,18,19,20,22,23,24,26,27,28,29,30,31,34,36,37,38,40} accuracy is 73.0%
Using feature(s) {1,2,3,5,9,10,11,12,13,15,17,18,19,20,22,23,24,26,27,28,29,30,31,34,35,37,38,40} accuracy is 72.7%
Using feature(s) {1,2,3,5,9,10,11,12,13,15,17,18,19,20,22,23,24,26,27,28,29,30,31,34,35,36,38,40} accuracy is 73.6%
Using feature(s) {1,2,3,5,9,10,11,12,13,15,17,18,19,20,22,23,24,26,27,28,29,30,31,34,35,36,37,40} accuracy is 73.8%
Using feature(s) {1,2,3,5,9,10,11,12,13,15,17,18,19,20,22,23,24,26,27,28,29,30,31,34,35,36,37,38} accuracy is 73.6%

Feature set {1,2,3,5,9,10,11,12,13,15,17,18,19,20,22,23,24,27,28,29,30,31,34,35,36,37,38,40} was best, accuracy is 74.7%

Using feature(s) {2,3,5,9,10,11,12,13,15,17,18,19,20,22,23,24,27,28,29,30,31,34,35,36,37,38,40} accuracy is 74.4%
Using feature(s) {1,3,5,9,10,11,12,13,15,17,18,19,20,22,23,24,27,28,29,30,31,34,35,36,37,38,40} accuracy is 72.8%
Using feature(s) {1,2,5,9,10,11,12,13,15,17,18,19,20,22,23,24,27,28,29,30,31,34,35,36,37,38,40} accuracy is 74.3%
Using feature(s) {1,2,3,9,10,11,12,13,15,17,18,19,20,22,23,24,27,28,29,30,31,34,35,36,37,38,40} accuracy is 74.3%
Using feature(s) {1,2,3,5,10,11,12,13,15,17,18,19,20,22,23,24,27,28,29,30,31,34,35,36,37,38,40} accuracy is 72.4%
Using feature(s) {1,2,3,5,9,11,12,13,15,17,18,19,20,22,23,24,27,28,29,30,31,34,35,36,37,38,40} accuracy is 73.8%
Using feature(s) {1,2,3,5,9,10,12,13,15,17,18,19,20,22,23,24,27,28,29,30,31,34,35,36,37,38,40} accuracy is 73.7%
Using feature(s) {1,2,3,5,9,10,11,13,15,17,18,19,20,22,23,24,27,28,29,30,31,34,35,36,37,38,40} accuracy is 73.2%
Using feature(s) {1,2,3,5,9,10,11,12,15,17,18,19,20,22,23,24,27,28,29,30,31,34,35,36,37,38,40} accuracy is 74.1%
Using feature(s) {1,2,3,5,9,10,11,12,13,17,18,19,20,22,23,24,27,28,29,30,31,34,35,36,37,38,40} accuracy is 72.7%
Using feature(s) {1,2,3,5,9,10,11,12,13,15,18,19,20,22,23,24,27,28,29,30,31,34,35,36,37,38,40} accuracy is 73.8%
Using feature(s) {1,2,3,5,9,10,11,12,13,15,17,19,20,22,23,24,27,28,29,30,31,34,35,36,37,38,40} accuracy is 74.9%
Using feature(s) {1,2,3,5,9,10,11,12,13,15,17,18,20,22,23,24,27,28,29,30,31,34,35,36,37,38,40} accuracy is 74.2%
Using feature(s) {1,2,3,5,9,10,11,12,13,15,17,18,19,22,23,24,27,28,29,30,31,34,35,36,37,38,40} accuracy is 72.7%
Using feature(s) {1,2,3,5,9,10,11,12,13,15,17,18,19,20,23,24,27,28,29,30,31,34,35,36,37,38,40} accuracy is 74.5%
Using feature(s) {1,2,3,5,9,10,11,12,13,15,17,18,19,20,22,24,27,28,29,30,31,34,35,36,37,38,40} accuracy is 73.8%
Using feature(s) {1,2,3,5,9,10,11,12,13,15,17,18,19,20,22,23,27,28,29,30,31,34,35,36,37,38,40} accuracy is 73.4%
Using feature(s) {1,2,3,5,9,10,11,12,13,15,17,18,19,20,22,23,24,28,29,30,31,34,35,36,37,38,40} accuracy is 73.5%
Using feature(s) {1,2,3,5,9,10,11,12,13,15,17,18,19,20,22,23,24,27,29,30,31,34,35,36,37,38,40} accuracy is 73.7%
Using feature(s) {1,2,3,5,9,10,11,12,13,15,17,18,19,20,22,23,24,27,28,30,31,34,35,36,37,38,40} accuracy is 74.0%
Using feature(s) {1,2,3,5,9,10,11,12,13,15,17,18,19,20,22,23,24,27,28,29,31,34,35,36,37,38,40} accuracy is 73.7%
Using feature(s) {1,2,3,5,9,10,11,12,13,15,17,18,19,20,22,23,24,27,28,29,30,34,35,36,37,38,40} accuracy is 72.8%
Using feature(s) {1,2,3,5,9,10,11,12,13,15,17,18,19,20,22,23,24,27,28,29,30,31,35,36,37,38,40} accuracy is 72.1%
Using feature(s) {1,2,3,5,9,10,11,12,13,15,17,18,19,20,22,23,24,27,28,29,30,31,34,36,37,38,40} accuracy is 72.6%
Using feature(s) {1,2,3,5,9,10,11,12,13,15,17,18,19,20,22,23,24,27,28,29,30,31,34,35,37,38,40} accuracy is 73.5%
Using feature(s) {1,2,3,5,9,10,11,12,13,15,17,18,19,20,22,23,24,27,28,29,30,31,34,35,36,38,40} accuracy is 73.5%
Using feature(s) {1,2,3,5,9,10,11,12,13,15,17,18,19,20,22,23,24,27,28,29,30,31,34,35,36,37,40} accuracy is 73.8%
Using feature(s) {1,2,3,5,9,10,11,12,13,15,17,18,19,20,22,23,24,27,28,29,30,31,34,35,36,37,38} accuracy is 73.7%

Feature set {1,2,3,5,9,10,11,12,13,15,17,19,20,22,23,24,27,28,29,30,31,34,35,36,37,38,40} was best, accuracy is 74.9%

Using feature(s) {2,3,5,9,10,11,12,13,15,17,19,20,22,23,24,27,28,29,30,31,34,35,36,37,38,40} accuracy is 74.4%
Using feature(s) {1,3,5,9,10,11,12,13,15,17,19,20,22,23,24,27,28,29,30,31,34,35,36,37,38,40} accuracy is 72.9%
Using feature(s) {1,2,5,9,10,11,12,13,15,17,19,20,22,23,24,27,28,29,30,31,34,35,36,37,38,40} accuracy is 73.0%
Using feature(s) {1,2,3,9,10,11,12,13,15,17,19,20,22,23,24,27,28,29,30,31,34,35,36,37,38,40} accuracy is 73.0%
Using feature(s) {1,2,3,5,10,11,12,13,15,17,19,20,22,23,24,27,28,29,30,31,34,35,36,37,38,40} accuracy is 72.1%
Using feature(s) {1,2,3,5,9,11,12,13,15,17,19,20,22,23,24,27,28,29,30,31,34,35,36,37,38,40} accuracy is 72.5%
Using feature(s) {1,2,3,5,9,10,12,13,15,17,19,20,22,23,24,27,28,29,30,31,34,35,36,37,38,40} accuracy is 73.6%
Using feature(s) {1,2,3,5,9,10,11,13,15,17,19,20,22,23,24,27,28,29,30,31,34,35,36,37,38,40} accuracy is 71.3%
Using feature(s) {1,2,3,5,9,10,11,12,15,17,19,20,22,23,24,27,28,29,30,31,34,35,36,37,38,40} accuracy is 73.7%
Using feature(s) {1,2,3,5,9,10,11,12,13,17,19,20,22,23,24,27,28,29,30,31,34,35,36,37,38,40} accuracy is 73.4%
Using feature(s) {1,2,3,5,9,10,11,12,13,15,19,20,22,23,24,27,28,29,30,31,34,35,36,37,38,40} accuracy is 75.1%
Using feature(s) {1,2,3,5,9,10,11,12,13,15,17,20,22,23,24,27,28,29,30,31,34,35,36,37,38,40} accuracy is 72.9%
Using feature(s) {1,2,3,5,9,10,11,12,13,15,17,19,22,23,24,27,28,29,30,31,34,35,36,37,38,40} accuracy is 72.7%
Using feature(s) {1,2,3,5,9,10,11,12,13,15,17,19,20,23,24,27,28,29,30,31,34,35,36,37,38,40} accuracy is 74.3%
Using feature(s) {1,2,3,5,9,10,11,12,13,15,17,19,20,22,24,27,28,29,30,31,34,35,36,37,38,40} accuracy is 72.3%
Using feature(s) {1,2,3,5,9,10,11,12,13,15,17,19,20,22,23,27,28,29,30,31,34,35,36,37,38,40} accuracy is 74.2%
Using feature(s) {1,2,3,5,9,10,11,12,13,15,17,19,20,22,23,24,28,29,30,31,34,35,36,37,38,40} accuracy is 73.3%
Using feature(s) {1,2,3,5,9,10,11,12,13,15,17,19,20,22,23,24,27,29,30,31,34,35,36,37,38,40} accuracy is 72.9%
Using feature(s) {1,2,3,5,9,10,11,12,13,15,17,19,20,22,23,24,27,28,30,31,34,35,36,37,38,40} accuracy is 74.7%
Using feature(s) {1,2,3,5,9,10,11,12,13,15,17,19,20,22,23,24,27,28,29,31,34,35,36,37,38,40} accuracy is 72.6%
Using feature(s) {1,2,3,5,9,10,11,12,13,15,17,19,20,22,23,24,27,28,29,30,34,35,36,37,38,40} accuracy is 73.5%
Using feature(s) {1,2,3,5,9,10,11,12,13,15,17,19,20,22,23,24,27,28,29,30,31,35,36,37,38,40} accuracy is 71.9%
Using feature(s) {1,2,3,5,9,10,11,12,13,15,17,19,20,22,23,24,27,28,29,30,31,34,36,37,38,40} accuracy is 72.8%
Using feature(s) {1,2,3,5,9,10,11,12,13,15,17,19,20,22,23,24,27,28,29,30,31,34,35,37,38,40} accuracy is 73.3%
Using feature(s) {1,2,3,5,9,10,11,12,13,15,17,19,20,22,23,24,27,28,29,30,31,34,35,36,38,40} accuracy is 73.5%
Using feature(s) {1,2,3,5,9,10,11,12,13,15,17,19,20,22,23,24,27,28,29,30,31,34,35,36,37,40} accuracy is 72.9%
Using feature(s) {1,2,3,5,9,10,11,12,13,15,17,19,20,22,23,24,27,28,29,30,31,34,35,36,37,38} accuracy is 73.8%

Feature set {1,2,3,5,9,10,11,12,13,15,19,20,22,23,24,27,28,29,30,31,34,35,36,37,38,40} was best, accuracy is 75.1%

Using feature(s) {2,3,5,9,10,11,12,13,15,19,20,22,23,24,27,28,29,30,31,34,35,36,37,38,40} accuracy is 74.8%
Using feature(s) {1,3,5,9,10,11,12,13,15,19,20,22,23,24,27,28,29,30,31,34,35,36,37,38,40} accuracy is 72.7%
Using feature(s) {1,2,5,9,10,11,12,13,15,19,20,22,23,24,27,28,29,30,31,34,35,36,37,38,40} accuracy is 74.1%
Using feature(s) {1,2,3,9,10,11,12,13,15,19,20,22,23,24,27,28,29,30,31,34,35,36,37,38,40} accuracy is 73.5%
Using feature(s) {1,2,3,5,10,11,12,13,15,19,20,22,23,24,27,28,29,30,31,34,35,36,37,38,40} accuracy is 73.7%
Using feature(s) {1,2,3,5,9,11,12,13,15,19,20,22,23,24,27,28,29,30,31,34,35,36,37,38,40} accuracy is 73.8%
Using feature(s) {1,2,3,5,9,10,12,13,15,19,20,22,23,24,27,28,29,30,31,34,35,36,37,38,40} accuracy is 74.8%
Using feature(s) {1,2,3,5,9,10,11,13,15,19,20,22,23,24,27,28,29,30,31,34,35,36,37,38,40} accuracy is 72.8%
Using feature(s) {1,2,3,5,9,10,11,12,15,19,20,22,23,24,27,28,29,30,31,34,35,36,37,38,40} accuracy is 74.0%
Using feature(s) {1,2,3,5,9,10,11,12,13,19,20,22,23,24,27,28,29,30,31,34,35,36,37,38,40} accuracy is 73.7%
Using feature(s) {1,2,3,5,9,10,11,12,13,15,20,22,23,24,27,28,29,30,31,34,35,36,37,38,40} accuracy is 72.1%
Using feature(s) {1,2,3,5,9,10,11,12,13,15,19,22,23,24,27,28,29,30,31,34,35,36,37,38,40} accuracy is 74.2%
Using feature(s) {1,2,3,5,9,10,11,12,13,15,19,20,23,24,27,28,29,30,31,34,35,36,37,38,40} accuracy is 75.1%
Using feature(s) {1,2,3,5,9,10,11,12,13,15,19,20,22,24,27,28,29,30,31,34,35,36,37,38,40} accuracy is 73.7%
Using feature(s) {1,2,3,5,9,10,11,12,13,15,19,20,22,23,27,28,29,30,31,34,35,36,37,38,40} accuracy is 75.0%
Using feature(s) {1,2,3,5,9,10,11,12,13,15,19,20,22,23,24,28,29,30,31,34,35,36,37,38,40} accuracy is 74.4%
Using feature(s) {1,2,3,5,9,10,11,12,13,15,19,20,22,23,24,27,29,30,31,34,35,36,37,38,40} accuracy is 75.5%
Using feature(s) {1,2,3,5,9,10,11,12,13,15,19,20,22,23,24,27,28,30,31,34,35,36,37,38,40} accuracy is 76.5%
Using feature(s) {1,2,3,5,9,10,11,12,13,15,19,20,22,23,24,27,28,29,31,34,35,36,37,38,40} accuracy is 73.5%
Using feature(s) {1,2,3,5,9,10,11,12,13,15,19,20,22,23,24,27,28,29,30,34,35,36,37,38,40} accuracy is 74.7%
Using feature(s) {1,2,3,5,9,10,11,12,13,15,19,20,22,23,24,27,28,29,30,31,35,36,37,38,40} accuracy is 73.3%
Using feature(s) {1,2,3,5,9,10,11,12,13,15,19,20,22,23,24,27,28,29,30,31,34,36,37,38,40} accuracy is 73.5%
Using feature(s) {1,2,3,5,9,10,11,12,13,15,19,20,22,23,24,27,28,29,30,31,34,35,37,38,40} accuracy is 73.4%
Using feature(s) {1,2,3,5,9,10,11,12,13,15,19,20,22,23,24,27,28,29,30,31,34,35,36,38,40} accuracy is 73.6%
Using feature(s) {1,2,3,5,9,10,11,12,13,15,19,20,22,23,24,27,28,29,30,31,34,35,36,37,40} accuracy is 73.4%
Using feature(s) {1,2,3,5,9,10,11,12,13,15,19,20,22,23,24,27,28,29,30,31,34,35,36,37,38} accuracy is 73.8%

Feature set {1,2,3,5,9,10,11,12,13,15,19,20,22,23,24,27,28,30,31,34,35,36,37,38,40} was best, accuracy is 76.5%

Using feature(s) {2,3,5,9,10,11,12,13,15,19,20,22,23,24,27,28,30,31,34,35,36,37,38,40} accuracy is 75.7%
Using feature(s) {1,3,5,9,10,11,12,13,15,19,20,22,23,24,27,28,30,31,34,35,36,37,38,40} accuracy is 74.1%
Using feature(s) {1,2,5,9,10,11,12,13,15,19,20,22,23,24,27,28,30,31,34,35,36,37,38,40} accuracy is 73.9%
Using feature(s) {1,2,3,9,10,11,12,13,15,19,20,22,23,24,27,28,30,31,34,35,36,37,38,40} accuracy is 74.8%
Using feature(s) {1,2,3,5,10,11,12,13,15,19,20,22,23,24,27,28,30,31,34,35,36,37,38,40} accuracy is 74.9%
Using feature(s) {1,2,3,5,9,11,12,13,15,19,20,22,23,24,27,28,30,31,34,35,36,37,38,40} accuracy is 74.4%
Using feature(s) {1,2,3,5,9,10,12,13,15,19,20,22,23,24,27,28,30,31,34,35,36,37,38,40} accuracy is 75.3%
Using feature(s) {1,2,3,5,9,10,11,13,15,19,20,22,23,24,27,28,30,31,34,35,36,37,38,40} accuracy is 72.1%
Using feature(s) {1,2,3,5,9,10,11,12,15,19,20,22,23,24,27,28,30,31,34,35,36,37,38,40} accuracy is 74.8%
Using feature(s) {1,2,3,5,9,10,11,12,13,19,20,22,23,24,27,28,30,31,34,35,36,37,38,40} accuracy is 75.0%
Using feature(s) {1,2,3,5,9,10,11,12,13,15,20,22,23,24,27,28,30,31,34,35,36,37,38,40} accuracy is 72.3%
Using feature(s) {1,2,3,5,9,10,11,12,13,15,19,22,23,24,27,28,30,31,34,35,36,37,38,40} accuracy is 74.9%
Using feature(s) {1,2,3,5,9,10,11,12,13,15,19,20,23,24,27,28,30,31,34,35,36,37,38,40} accuracy is 76.5%
Using feature(s) {1,2,3,5,9,10,11,12,13,15,19,20,22,24,27,28,30,31,34,35,36,37,38,40} accuracy is 74.5%
Using feature(s) {1,2,3,5,9,10,11,12,13,15,19,20,22,23,27,28,30,31,34,35,36,37,38,40} accuracy is 74.3%
Using feature(s) {1,2,3,5,9,10,11,12,13,15,19,20,22,23,24,28,30,31,34,35,36,37,38,40} accuracy is 75.2%
Using feature(s) {1,2,3,5,9,10,11,12,13,15,19,20,22,23,24,27,30,31,34,35,36,37,38,40} accuracy is 76.3%
Using feature(s) {1,2,3,5,9,10,11,12,13,15,19,20,22,23,24,27,28,31,34,35,36,37,38,40} accuracy is 73.4%
Using feature(s) {1,2,3,5,9,10,11,12,13,15,19,20,22,23,24,27,28,30,34,35,36,37,38,40} accuracy is 75.2%
Using feature(s) {1,2,3,5,9,10,11,12,13,15,19,20,22,23,24,27,28,30,31,35,36,37,38,40} accuracy is 75.0%
Using feature(s) {1,2,3,5,9,10,11,12,13,15,19,20,22,23,24,27,28,30,31,34,36,37,38,40} accuracy is 73.4%
Using feature(s) {1,2,3,5,9,10,11,12,13,15,19,20,22,23,24,27,28,30,31,34,35,37,38,40} accuracy is 74.4%
Using feature(s) {1,2,3,5,9,10,11,12,13,15,19,20,22,23,24,27,28,30,31,34,35,36,38,40} accuracy is 74.7%
Using feature(s) {1,2,3,5,9,10,11,12,13,15,19,20,22,23,24,27,28,30,31,34,35,36,37,40} accuracy is 74.6%
Using feature(s) {1,2,3,5,9,10,11,12,13,15,19,20,22,23,24,27,28,30,31,34,35,36,37,38} accuracy is 74.6%

Feature set {1,2,3,5,9,10,11,12,13,15,19,20,23,24,27,28,30,31,34,35,36,37,38,40} was best, accuracy is 76.5%

Using feature(s) {2,3,5,9,10,11,12,13,15,19,20,23,24,27,28,30,31,34,35,36,37,38,40} accuracy is 74.9%
Using feature(s) {1,3,5,9,10,11,12,13,15,19,20,23,24,27,28,30,31,34,35,36,37,38,40} accuracy is 74.4%
Using feature(s) {1,2,5,9,10,11,12,13,15,19,20,23,24,27,28,30,31,34,35,36,37,38,40} accuracy is 75.4%
Using feature(s) {1,2,3,9,10,11,12,13,15,19,20,23,24,27,28,30,31,34,35,36,37,38,40} accuracy is 74.3%
Using feature(s) {1,2,3,5,10,11,12,13,15,19,20,23,24,27,28,30,31,34,35,36,37,38,40} accuracy is 73.3%
Using feature(s) {1,2,3,5,9,11,12,13,15,19,20,23,24,27,28,30,31,34,35,36,37,38,40} accuracy is 75.0%
Using feature(s) {1,2,3,5,9,10,12,13,15,19,20,23,24,27,28,30,31,34,35,36,37,38,40} accuracy is 74.6%
Using feature(s) {1,2,3,5,9,10,11,13,15,19,20,23,24,27,28,30,31,34,35,36,37,38,40} accuracy is 74.5%
Using feature(s) {1,2,3,5,9,10,11,12,15,19,20,23,24,27,28,30,31,34,35,36,37,38,40} accuracy is 75.0%
Using feature(s) {1,2,3,5,9,10,11,12,13,19,20,23,24,27,28,30,31,34,35,36,37,38,40} accuracy is 75.9%
Using feature(s) {1,2,3,5,9,10,11,12,13,15,20,23,24,27,28,30,31,34,35,36,37,38,40} accuracy is 72.8%
Using feature(s) {1,2,3,5,9,10,11,12,13,15,19,23,24,27,28,30,31,34,35,36,37,38,40} accuracy is 74.6%
Using feature(s) {1,2,3,5,9,10,11,12,13,15,19,20,24,27,28,30,31,34,35,36,37,38,40} accuracy is 74.9%
Using feature(s) {1,2,3,5,9,10,11,12,13,15,19,20,23,27,28,30,31,34,35,36,37,38,40} accuracy is 75.0%
Using feature(s) {1,2,3,5,9,10,11,12,13,15,19,20,23,24,28,30,31,34,35,36,37,38,40} accuracy is 74.5%
Using feature(s) {1,2,3,5,9,10,11,12,13,15,19,20,23,24,27,30,31,34,35,36,37,38,40} accuracy is 75.6%
Using feature(s) {1,2,3,5,9,10,11,12,13,15,19,20,23,24,27,28,31,34,35,36,37,38,40} accuracy is 74.1%
Using feature(s) {1,2,3,5,9,10,11,12,13,15,19,20,23,24,27,28,30,34,35,36,37,38,40} accuracy is 75.0%
Using feature(s) {1,2,3,5,9,10,11,12,13,15,19,20,23,24,27,28,30,31,35,36,37,38,40} accuracy is 74.9%
Using feature(s) {1,2,3,5,9,10,11,12,13,15,19,20,23,24,27,28,30,31,34,36,37,38,40} accuracy is 74.1%
Using feature(s) {1,2,3,5,9,10,11,12,13,15,19,20,23,24,27,28,30,31,34,35,37,38,40} accuracy is 76.1%
Using feature(s) {1,2,3,5,9,10,11,12,13,15,19,20,23,24,27,28,30,31,34,35,36,38,40} accuracy is 74.3%
Using feature(s) {1,2,3,5,9,10,11,12,13,15,19,20,23,24,27,28,30,31,34,35,36,37,40} accuracy is 75.8%
Using feature(s) {1,2,3,5,9,10,11,12,13,15,19,20,23,24,27,28,30,31,34,35,36,37,38} accuracy is 74.8%

Feature set {1,2,3,5,9,10,11,12,13,15,19,20,23,24,27,28,30,31,34,35,37,38,40} was best, accuracy is 76.1%

Using feature(s) {2,3,5,9,10,11,12,13,15,19,20,23,24,27,28,30,31,34,35,37,38,40} accuracy is 74.8%
Using feature(s) {1,3,5,9,10,11,12,13,15,19,20,23,24,27,28,30,31,34,35,37,38,40} accuracy is 73.4%
Using feature(s) {1,2,5,9,10,11,12,13,15,19,20,23,24,27,28,30,31,34,35,37,38,40} accuracy is 74.5%
Using feature(s) {1,2,3,9,10,11,12,13,15,19,20,23,24,27,28,30,31,34,35,37,38,40} accuracy is 74.4%
Using feature(s) {1,2,3,5,10,11,12,13,15,19,20,23,24,27,28,30,31,34,35,37,38,40} accuracy is 73.5%
Using feature(s) {1,2,3,5,9,11,12,13,15,19,20,23,24,27,28,30,31,34,35,37,38,40} accuracy is 72.6%
Using feature(s) {1,2,3,5,9,10,12,13,15,19,20,23,24,27,28,30,31,34,35,37,38,40} accuracy is 73.5%
Using feature(s) {1,2,3,5,9,10,11,13,15,19,20,23,24,27,28,30,31,34,35,37,38,40} accuracy is 73.0%
Using feature(s) {1,2,3,5,9,10,11,12,15,19,20,23,24,27,28,30,31,34,35,37,38,40} accuracy is 74.2%
Using feature(s) {1,2,3,5,9,10,11,12,13,19,20,23,24,27,28,30,31,34,35,37,38,40} accuracy is 74.8%
Using feature(s) {1,2,3,5,9,10,11,12,13,15,20,23,24,27,28,30,31,34,35,37,38,40} accuracy is 73.6%
Using feature(s) {1,2,3,5,9,10,11,12,13,15,19,23,24,27,28,30,31,34,35,37,38,40} accuracy is 73.6%
Using feature(s) {1,2,3,5,9,10,11,12,13,15,19,20,24,27,28,30,31,34,35,37,38,40} accuracy is 74.4%
Using feature(s) {1,2,3,5,9,10,11,12,13,15,19,20,23,27,28,30,31,34,35,37,38,40} accuracy is 74.6%
Using feature(s) {1,2,3,5,9,10,11,12,13,15,19,20,23,24,28,30,31,34,35,37,38,40} accuracy is 72.8%
Using feature(s) {1,2,3,5,9,10,11,12,13,15,19,20,23,24,27,30,31,34,35,37,38,40} accuracy is 75.6%
Using feature(s) {1,2,3,5,9,10,11,12,13,15,19,20,23,24,27,28,31,34,35,37,38,40} accuracy is 73.6%
Using feature(s) {1,2,3,5,9,10,11,12,13,15,19,20,23,24,27,28,30,34,35,37,38,40} accuracy is 75.8%
Using feature(s) {1,2,3,5,9,10,11,12,13,15,19,20,23,24,27,28,30,31,35,37,38,40} accuracy is 74.2%
Using feature(s) {1,2,3,5,9,10,11,12,13,15,19,20,23,24,27,28,30,31,34,37,38,40} accuracy is 73.1%
Using feature(s) {1,2,3,5,9,10,11,12,13,15,19,20,23,24,27,28,30,31,34,35,38,40} accuracy is 74.2%
Using feature(s) {1,2,3,5,9,10,11,12,13,15,19,20,23,24,27,28,30,31,34,35,37,40} accuracy is 75.3%
Using feature(s) {1,2,3,5,9,10,11,12,13,15,19,20,23,24,27,28,30,31,34,35,37,38} accuracy is 75.2%

Feature set {1,2,3,5,9,10,11,12,13,15,19,20,23,24,27,28,30,34,35,37,38,40} was best, accuracy is 75.8%

Using feature(s) {2,3,5,9,10,11,12,13,15,19,20,23,24,27,28,30,34,35,37,38,40} accuracy is 76.1%
Using feature(s) {1,3,5,9,10,11,12,13,15,19,20,23,24,27,28,30,34,35,37,38,40} accuracy is 73.5%
Using feature(s) {1,2,5,9,10,11,12,13,15,19,20,23,24,27,28,30,34,35,37,38,40} accuracy is 74.0%
Using feature(s) {1,2,3,9,10,11,12,13,15,19,20,23,24,27,28,30,34,35,37,38,40} accuracy is 75.4%
Using feature(s) {1,2,3,5,10,11,12,13,15,19,20,23,24,27,28,30,34,35,37,38,40} accuracy is 75.2%
Using feature(s) {1,2,3,5,9,11,12,13,15,19,20,23,24,27,28,30,34,35,37,38,40} accuracy is 73.2%
Using feature(s) {1,2,3,5,9,10,12,13,15,19,20,23,24,27,28,30,34,35,37,38,40} accuracy is 74.8%
Using feature(s) {1,2,3,5,9,10,11,13,15,19,20,23,24,27,28,30,34,35,37,38,40} accuracy is 75.0%
Using feature(s) {1,2,3,5,9,10,11,12,15,19,20,23,24,27,28,30,34,35,37,38,40} accuracy is 75.1%
Using feature(s) {1,2,3,5,9,10,11,12,13,19,20,23,24,27,28,30,34,35,37,38,40} accuracy is 73.9%
Using feature(s) {1,2,3,5,9,10,11,12,13,15,20,23,24,27,28,30,34,35,37,38,40} accuracy is 72.8%
Using feature(s) {1,2,3,5,9,10,11,12,13,15,19,23,24,27,28,30,34,35,37,38,40} accuracy is 73.5%
Using feature(s) {1,2,3,5,9,10,11,12,13,15,19,20,24,27,28,30,34,35,37,38,40} accuracy is 74.9%
Using feature(s) {1,2,3,5,9,10,11,12,13,15,19,20,23,27,28,30,34,35,37,38,40} accuracy is 75.0%
Using feature(s) {1,2,3,5,9,10,11,12,13,15,19,20,23,24,28,30,34,35,37,38,40} accuracy is 74.0%
Using feature(s) {1,2,3,5,9,10,11,12,13,15,19,20,23,24,27,30,34,35,37,38,40} accuracy is 74.9%
Using feature(s) {1,2,3,5,9,10,11,12,13,15,19,20,23,24,27,28,34,35,37,38,40} accuracy is 73.7%
Using feature(s) {1,2,3,5,9,10,11,12,13,15,19,20,23,24,27,28,30,35,37,38,40} accuracy is 75.6%
Using feature(s) {1,2,3,5,9,10,11,12,13,15,19,20,23,24,27,28,30,34,37,38,40} accuracy is 73.1%
Using feature(s) {1,2,3,5,9,10,11,12,13,15,19,20,23,24,27,28,30,34,35,38,40} accuracy is 74.1%
Using feature(s) {1,2,3,5,9,10,11,12,13,15,19,20,23,24,27,28,30,34,35,37,40} accuracy is 75.0%
Using feature(s) {1,2,3,5,9,10,11,12,13,15,19,20,23,24,27,28,30,34,35,37,38} accuracy is 75.2%

Feature set {2,3,5,9,10,11,12,13,15,19,20,23,24,27,28,30,34,35,37,38,40} was best, accuracy is 76.1%

Using feature(s) {3,5,9,10,11,12,13,15,19,20,23,24,27,28,30,34,35,37,38,40} accuracy is 74.6%
Using feature(s) {2,5,9,10,11,12,13,15,19,20,23,24,27,28,30,34,35,37,38,40} accuracy is 75.2%
Using feature(s) {2,3,9,10,11,12,13,15,19,20,23,24,27,28,30,34,35,37,38,40} accuracy is 75.6%
Using feature(s) {2,3,5,10,11,12,13,15,19,20,23,24,27,28,30,34,35,37,38,40} accuracy is 74.2%
Using feature(s) {2,3,5,9,11,12,13,15,19,20,23,24,27,28,30,34,35,37,38,40} accuracy is 73.3%
Using feature(s) {2,3,5,9,10,12,13,15,19,20,23,24,27,28,30,34,35,37,38,40} accuracy is 75.1%
Using feature(s) {2,3,5,9,10,11,13,15,19,20,23,24,27,28,30,34,35,37,38,40} accuracy is 75.0%
Using feature(s) {2,3,5,9,10,11,12,15,19,20,23,24,27,28,30,34,35,37,38,40} accuracy is 75.2%
Using feature(s) {2,3,5,9,10,11,12,13,19,20,23,24,27,28,30,34,35,37,38,40} accuracy is 76.2%
Using feature(s) {2,3,5,9,10,11,12,13,15,20,23,24,27,28,30,34,35,37,38,40} accuracy is 74.5%
Using feature(s) {2,3,5,9,10,11,12,13,15,19,23,24,27,28,30,34,35,37,38,40} accuracy is 74.0%
Using feature(s) {2,3,5,9,10,11,12,13,15,19,20,24,27,28,30,34,35,37,38,40} accuracy is 75.6%
Using feature(s) {2,3,5,9,10,11,12,13,15,19,20,23,27,28,30,34,35,37,38,40} accuracy is 75.6%
Using feature(s) {2,3,5,9,10,11,12,13,15,19,20,23,24,28,30,34,35,37,38,40} accuracy is 73.4%
Using feature(s) {2,3,5,9,10,11,12,13,15,19,20,23,24,27,30,34,35,37,38,40} accuracy is 74.5%
Using feature(s) {2,3,5,9,10,11,12,13,15,19,20,23,24,27,28,34,35,37,38,40} accuracy is 73.5%
Using feature(s) {2,3,5,9,10,11,12,13,15,19,20,23,24,27,28,30,35,37,38,40} accuracy is 76.1%
Using feature(s) {2,3,5,9,10,11,12,13,15,19,20,23,24,27,28,30,34,37,38,40} accuracy is 74.4%
Using feature(s) {2,3,5,9,10,11,12,13,15,19,20,23,24,27,28,30,34,35,38,40} accuracy is 75.3%
Using feature(s) {2,3,5,9,10,11,12,13,15,19,20,23,24,27,28,30,34,35,37,40} accuracy is 76.3%
Using feature(s) {2,3,5,9,10,11,12,13,15,19,20,23,24,27,28,30,34,35,37,38} accuracy is 75.2%

Feature set {2,3,5,9,10,11,12,13,15,19,20,23,24,27,28,30,34,35,37,40} was best, accuracy is 76.3%

Using feature(s) {3,5,9,10,11,12,13,15,19,20,23,24,27,28,30,34,35,37,40} accuracy is 75.1%
Using feature(s) {2,5,9,10,11,12,13,15,19,20,23,24,27,28,30,34,35,37,40} accuracy is 73.8%
Using feature(s) {2,3,9,10,11,12,13,15,19,20,23,24,27,28,30,34,35,37,40} accuracy is 75.5%
Using feature(s) {2,3,5,10,11,12,13,15,19,20,23,24,27,28,30,34,35,37,40} accuracy is 76.0%
Using feature(s) {2,3,5,9,11,12,13,15,19,20,23,24,27,28,30,34,35,37,40} accuracy is 73.5%
Using feature(s) {2,3,5,9,10,12,13,15,19,20,23,24,27,28,30,34,35,37,40} accuracy is 73.8%
Using feature(s) {2,3,5,9,10,11,13,15,19,20,23,24,27,28,30,34,35,37,40} accuracy is 74.6%
Using feature(s) {2,3,5,9,10,11,12,15,19,20,23,24,27,28,30,34,35,37,40} accuracy is 74.4%
Using feature(s) {2,3,5,9,10,11,12,13,19,20,23,24,27,28,30,34,35,37,40} accuracy is 76.6%
Using feature(s) {2,3,5,9,10,11,12,13,15,20,23,24,27,28,30,34,35,37,40} accuracy is 73.5%
Using feature(s) {2,3,5,9,10,11,12,13,15,19,23,24,27,28,30,34,35,37,40} accuracy is 76.1%
Using feature(s) {2,3,5,9,10,11,12,13,15,19,20,24,27,28,30,34,35,37,40} accuracy is 76.3%
Using feature(s) {2,3,5,9,10,11,12,13,15,19,20,23,27,28,30,34,35,37,40} accuracy is 75.5%
Using feature(s) {2,3,5,9,10,11,12,13,15,19,20,23,24,28,30,34,35,37,40} accuracy is 75.0%
Using feature(s) {2,3,5,9,10,11,12,13,15,19,20,23,24,27,30,34,35,37,40} accuracy is 75.7%
Using feature(s) {2,3,5,9,10,11,12,13,15,19,20,23,24,27,28,34,35,37,40} accuracy is 74.3%
Using feature(s) {2,3,5,9,10,11,12,13,15,19,20,23,24,27,28,30,35,37,40} accuracy is 75.7%
Using feature(s) {2,3,5,9,10,11,12,13,15,19,20,23,24,27,28,30,34,37,40} accuracy is 74.7%
Using feature(s) {2,3,5,9,10,11,12,13,15,19,20,23,24,27,28,30,34,35,40} accuracy is 76.1%
Using feature(s) {2,3,5,9,10,11,12,13,15,19,20,23,24,27,28,30,34,35,37} accuracy is 75.1%

Feature set {2,3,5,9,10,11,12,13,19,20,23,24,27,28,30,34,35,37,40} was best, accuracy is 76.6%

Using feature(s) {3,5,9,10,11,12,13,19,20,23,24,27,28,30,34,35,37,40} accuracy is 74.7%
Using feature(s) {2,5,9,10,11,12,13,19,20,23,24,27,28,30,34,35,37,40} accuracy is 75.6%
Using feature(s) {2,3,9,10,11,12,13,19,20,23,24,27,28,30,34,35,37,40} accuracy is 76.8%
Using feature(s) {2,3,5,10,11,12,13,19,20,23,24,27,28,30,34,35,37,40} accuracy is 75.4%
Using feature(s) {2,3,5,9,11,12,13,19,20,23,24,27,28,30,34,35,37,40} accuracy is 75.2%
Using feature(s) {2,3,5,9,10,12,13,19,20,23,24,27,28,30,34,35,37,40} accuracy is 75.1%
Using feature(s) {2,3,5,9,10,11,13,19,20,23,24,27,28,30,34,35,37,40} accuracy is 74.3%
Using feature(s) {2,3,5,9,10,11,12,19,20,23,24,27,28,30,34,35,37,40} accuracy is 75.2%
Using feature(s) {2,3,5,9,10,11,12,13,20,23,24,27,28,30,34,35,37,40} accuracy is 75.8%
Using feature(s) {2,3,5,9,10,11,12,13,19,23,24,27,28,30,34,35,37,40} accuracy is 75.2%
Using feature(s) {2,3,5,9,10,11,12,13,19,20,24,27,28,30,34,35,37,40} accuracy is 75.3%
Using feature(s) {2,3,5,9,10,11,12,13,19,20,23,27,28,30,34,35,37,40} accuracy is 74.7%
Using feature(s) {2,3,5,9,10,11,12,13,19,20,23,24,28,30,34,35,37,40} accuracy is 74.1%
Using feature(s) {2,3,5,9,10,11,12,13,19,20,23,24,27,30,34,35,37,40} accuracy is 75.8%
Using feature(s) {2,3,5,9,10,11,12,13,19,20,23,24,27,28,34,35,37,40} accuracy is 75.8%
Using feature(s) {2,3,5,9,10,11,12,13,19,20,23,24,27,28,30,35,37,40} accuracy is 76.5%
Using feature(s) {2,3,5,9,10,11,12,13,19,20,23,24,27,28,30,34,37,40} accuracy is 75.3%
Using feature(s) {2,3,5,9,10,11,12,13,19,20,23,24,27,28,30,34,35,40} accuracy is 75.0%
Using feature(s) {2,3,5,9,10,11,12,13,19,20,23,24,27,28,30,34,35,37} accuracy is 76.6%

Feature set {2,3,9,10,11,12,13,19,20,23,24,27,28,30,34,35,37,40} was best, accuracy is 76.8%

Using feature(s) {3,9,10,11,12,13,19,20,23,24,27,28,30,34,35,37,40} accuracy is 74.5%
Using feature(s) {2,9,10,11,12,13,19,20,23,24,27,28,30,34,35,37,40} accuracy is 76.2%
Using feature(s) {2,3,10,11,12,13,19,20,23,24,27,28,30,34,35,37,40} accuracy is 75.5%
Using feature(s) {2,3,9,11,12,13,19,20,23,24,27,28,30,34,35,37,40} accuracy is 76.0%
Using feature(s) {2,3,9,10,12,13,19,20,23,24,27,28,30,34,35,37,40} accuracy is 75.9%
Using feature(s) {2,3,9,10,11,13,19,20,23,24,27,28,30,34,35,37,40} accuracy is 75.9%
Using feature(s) {2,3,9,10,11,12,19,20,23,24,27,28,30,34,35,37,40} accuracy is 74.3%
Using feature(s) {2,3,9,10,11,12,13,20,23,24,27,28,30,34,35,37,40} accuracy is 77.1%
Using feature(s) {2,3,9,10,11,12,13,19,23,24,27,28,30,34,35,37,40} accuracy is 76.1%
Using feature(s) {2,3,9,10,11,12,13,19,20,24,27,28,30,34,35,37,40} accuracy is 75.9%
Using feature(s) {2,3,9,10,11,12,13,19,20,23,27,28,30,34,35,37,40} accuracy is 74.7%
Using feature(s) {2,3,9,10,11,12,13,19,20,23,24,28,30,34,35,37,40} accuracy is 75.1%
Using feature(s) {2,3,9,10,11,12,13,19,20,23,24,27,30,34,35,37,40} accuracy is 76.0%
Using feature(s) {2,3,9,10,11,12,13,19,20,23,24,27,28,34,35,37,40} accuracy is 76.3%
Using feature(s) {2,3,9,10,11,12,13,19,20,23,24,27,28,30,35,37,40} accuracy is 76.5%
Using feature(s) {2,3,9,10,11,12,13,19,20,23,24,27,28,30,34,37,40} accuracy is 76.9%
Using feature(s) {2,3,9,10,11,12,13,19,20,23,24,27,28,30,34,35,40} accuracy is 75.6%
Using feature(s) {2,3,9,10,11,12,13,19,20,23,24,27,28,30,34,35,37} accuracy is 76.5%

Feature set {2,3,9,10,11,12,13,20,23,24,27,28,30,34,35,37,40} was best, accuracy is 77.1%

Using feature(s) {3,9,10,11,12,13,20,23,24,27,28,30,34,35,37,40} accuracy is 74.7%
Using feature(s) {2,9,10,11,12,13,20,23,24,27,28,30,34,35,37,40} accuracy is 77.6%
Using feature(s) {2,3,10,11,12,13,20,23,24,27,28,30,34,35,37,40} accuracy is 74.7%
Using feature(s) {2,3,9,11,12,13,20,23,24,27,28,30,34,35,37,40} accuracy is 76.0%
Using feature(s) {2,3,9,10,12,13,20,23,24,27,28,30,34,35,37,40} accuracy is 74.5%
Using feature(s) {2,3,9,10,11,13,20,23,24,27,28,30,34,35,37,40} accuracy is 76.2%
Using feature(s) {2,3,9,10,11,12,20,23,24,27,28,30,34,35,37,40} accuracy is 76.1%
Using feature(s) {2,3,9,10,11,12,13,23,24,27,28,30,34,35,37,40} accuracy is 76.2%
Using feature(s) {2,3,9,10,11,12,13,20,24,27,28,30,34,35,37,40} accuracy is 76.6%
Using feature(s) {2,3,9,10,11,12,13,20,23,27,28,30,34,35,37,40} accuracy is 74.4%
Using feature(s) {2,3,9,10,11,12,13,20,23,24,28,30,34,35,37,40} accuracy is 75.0%
Using feature(s) {2,3,9,10,11,12,13,20,23,24,27,30,34,35,37,40} accuracy is 75.5%
Using feature(s) {2,3,9,10,11,12,13,20,23,24,27,28,34,35,37,40} accuracy is 75.7%
Using feature(s) {2,3,9,10,11,12,13,20,23,24,27,28,30,35,37,40} accuracy is 75.5%
Using feature(s) {2,3,9,10,11,12,13,20,23,24,27,28,30,34,37,40} accuracy is 75.3%
Using feature(s) {2,3,9,10,11,12,13,20,23,24,27,28,30,34,35,40} accuracy is 75.9%
Using feature(s) {2,3,9,10,11,12,13,20,23,24,27,28,30,34,35,37} accuracy is 76.0%

Feature set {2,9,10,11,12,13,20,23,24,27,28,30,34,35,37,40} was best, accuracy is 77.6%

Using feature(s) {9,10,11,12,13,20,23,24,27,28,30,34,35,37,40} accuracy is 75.1%
Using feature(s) {2,10,11,12,13,20,23,24,27,28,30,34,35,37,40} accuracy is 74.5%
Using feature(s) {2,9,11,12,13,20,23,24,27,28,30,34,35,37,40} accuracy is 75.4%
Using feature(s) {2,9,10,12,13,20,23,24,27,28,30,34,35,37,40} accuracy is 73.5%
Using feature(s) {2,9,10,11,13,20,23,24,27,28,30,34,35,37,40} accuracy is 76.9%
Using feature(s) {2,9,10,11,12,20,23,24,27,28,30,34,35,37,40} accuracy is 75.4%
Using feature(s) {2,9,10,11,12,13,23,24,27,28,30,34,35,37,40} accuracy is 75.6%
Using feature(s) {2,9,10,11,12,13,20,24,27,28,30,34,35,37,40} accuracy is 75.8%
Using feature(s) {2,9,10,11,12,13,20,23,27,28,30,34,35,37,40} accuracy is 74.8%
Using feature(s) {2,9,10,11,12,13,20,23,24,28,30,34,35,37,40} accuracy is 73.3%
Using feature(s) {2,9,10,11,12,13,20,23,24,27,30,34,35,37,40} accuracy is 75.7%
Using feature(s) {2,9,10,11,12,13,20,23,24,27,28,34,35,37,40} accuracy is 75.7%
Using feature(s) {2,9,10,11,12,13,20,23,24,27,28,30,35,37,40} accuracy is 75.6%
Using feature(s) {2,9,10,11,12,13,20,23,24,27,28,30,34,37,40} accuracy is 76.4%
Using feature(s) {2,9,10,11,12,13,20,23,24,27,28,30,34,35,40} accuracy is 75.6%
Using feature(s) {2,9,10,11,12,13,20,23,24,27,28,30,34,35,37} accuracy is 76.5%

Feature set {2,9,10,11,13,20,23,24,27,28,30,34,35,37,40} was best, accuracy is 76.9%

Using feature(s) {9,10,11,13,20,23,24,27,28,30,34,35,37,40} accuracy is 76.1%
Using feature(s) {2,10,11,13,20,23,24,27,28,30,34,35,37,40} accuracy is 74.8%
Using feature(s) {2,9,11,13,20,23,24,27,28,30,34,35,37,40} accuracy is 75.0%
Using feature(s) {2,9,10,13,20,23,24,27,28,30,34,35,37,40} accuracy is 74.9%
Using feature(s) {2,9,10,11,20,23,24,27,28,30,34,35,37,40} accuracy is 74.3%
Using feature(s) {2,9,10,11,13,23,24,27,28,30,34,35,37,40} accuracy is 75.5%
Using feature(s) {2,9,10,11,13,20,24,27,28,30,34,35,37,40} accuracy is 76.7%
Using feature(s) {2,9,10,11,13,20,23,27,28,30,34,35,37,40} accuracy is 74.5%
Using feature(s) {2,9,10,11,13,20,23,24,28,30,34,35,37,40} accuracy is 73.0%
Using feature(s) {2,9,10,11,13,20,23,24,27,30,34,35,37,40} accuracy is 75.7%
Using feature(s) {2,9,10,11,13,20,23,24,27,28,34,35,37,40} accuracy is 74.6%
Using feature(s) {2,9,10,11,13,20,23,24,27,28,30,35,37,40} accuracy is 74.6%
Using feature(s) {2,9,10,11,13,20,23,24,27,28,30,34,37,40} accuracy is 75.5%
Using feature(s) {2,9,10,11,13,20,23,24,27,28,30,34,35,40} accuracy is 76.3%
Using feature(s) {2,9,10,11,13,20,23,24,27,28,30,34,35,37} accuracy is 76.0%

Feature set {2,9,10,11,13,20,24,27,28,30,34,35,37,40} was best, accuracy is 76.7%

Using feature(s) {9,10,11,13,20,24,27,28,30,34,35,37,40} accuracy is 75.8%
Using feature(s) {2,10,11,13,20,24,27,28,30,34,35,37,40} accuracy is 74.3%
Using feature(s) {2,9,11,13,20,24,27,28,30,34,35,37,40} accuracy is 73.3%
Using feature(s) {2,9,10,13,20,24,27,28,30,34,35,37,40} accuracy is 74.4%
Using feature(s) {2,9,10,11,20,24,27,28,30,34,35,37,40} accuracy is 76.2%
Using feature(s) {2,9,10,11,13,24,27,28,30,34,35,37,40} accuracy is 76.3%
Using feature(s) {2,9,10,11,13,20,27,28,30,34,35,37,40} accuracy is 74.1%
Using feature(s) {2,9,10,11,13,20,24,28,30,34,35,37,40} accuracy is 73.2%
Using feature(s) {2,9,10,11,13,20,24,27,30,34,35,37,40} accuracy is 75.9%
Using feature(s) {2,9,10,11,13,20,24,27,28,34,35,37,40} accuracy is 74.2%
Using feature(s) {2,9,10,11,13,20,24,27,28,30,35,37,40} accuracy is 75.9%
Using feature(s) {2,9,10,11,13,20,24,27,28,30,34,37,40} accuracy is 75.9%
Using feature(s) {2,9,10,11,13,20,24,27,28,30,34,35,40} accuracy is 76.8%
Using feature(s) {2,9,10,11,13,20,24,27,28,30,34,35,37} accuracy is 76.3%

Feature set {2,9,10,11,13,20,24,27,28,30,34,35,40} was best, accuracy is 76.8%

Using feature(s) {9,10,11,13,20,24,27,28,30,34,35,40} accuracy is 76.1%
Using feature(s) {2,10,11,13,20,24,27,28,30,34,35,40} accuracy is 75.7%
Using feature(s) {2,9,11,13,20,24,27,28,30,34,35,40} accuracy is 74.1%
Using feature(s) {2,9,10,13,20,24,27,28,30,34,35,40} accuracy is 76.6%
Using feature(s) {2,9,10,11,20,24,27,28,30,34,35,40} accuracy is 76.9%
Using feature(s) {2,9,10,11,13,24,27,28,30,34,35,40} accuracy is 75.3%
Using feature(s) {2,9,10,11,13,20,27,28,30,34,35,40} accuracy is 74.2%
Using feature(s) {2,9,10,11,13,20,24,28,30,34,35,40} accuracy is 74.2%
Using feature(s) {2,9,10,11,13,20,24,27,30,34,35,40} accuracy is 76.3%
Using feature(s) {2,9,10,11,13,20,24,27,28,34,35,40} accuracy is 76.0%
Using feature(s) {2,9,10,11,13,20,24,27,28,30,35,40} accuracy is 77.5%
Using feature(s) {2,9,10,11,13,20,24,27,28,30,34,40} accuracy is 73.6%
Using feature(s) {2,9,10,11,13,20,24,27,28,30,34,35} accuracy is 77.1%

Feature set {2,9,10,11,13,20,24,27,28,30,35,40} was best, accuracy is 77.5%

Using feature(s) {9,10,11,13,20,24,27,28,30,35,40} accuracy is 75.9%
Using feature(s) {2,10,11,13,20,24,27,28,30,35,40} accuracy is 76.7%
Using feature(s) {2,9,11,13,20,24,27,28,30,35,40} accuracy is 74.1%
Using feature(s) {2,9,10,13,20,24,27,28,30,35,40} accuracy is 74.8%
Using feature(s) {2,9,10,11,20,24,27,28,30,35,40} accuracy is 77.5%
Using feature(s) {2,9,10,11,13,24,27,28,30,35,40} accuracy is 76.5%
Using feature(s) {2,9,10,11,13,20,27,28,30,35,40} accuracy is 74.8%
Using feature(s) {2,9,10,11,13,20,24,28,30,35,40} accuracy is 73.9%
Using feature(s) {2,9,10,11,13,20,24,27,30,35,40} accuracy is 76.1%
Using feature(s) {2,9,10,11,13,20,24,27,28,35,40} accuracy is 75.1%
Using feature(s) {2,9,10,11,13,20,24,27,28,30,40} accuracy is 76.0%
Using feature(s) {2,9,10,11,13,20,24,27,28,30,35} accuracy is 77.1%

Feature set {2,9,10,11,20,24,27,28,30,35,40} was best, accuracy is 77.5%

Using feature(s) {9,10,11,20,24,27,28,30,35,40} accuracy is 75.6%
Using feature(s) {2,10,11,20,24,27,28,30,35,40} accuracy is 75.5%
Using feature(s) {2,9,11,20,24,27,28,30,35,40} accuracy is 74.9%
Using feature(s) {2,9,10,20,24,27,28,30,35,40} accuracy is 75.0%
Using feature(s) {2,9,10,11,24,27,28,30,35,40} accuracy is 77.9%
Using feature(s) {2,9,10,11,20,27,28,30,35,40} accuracy is 74.6%
Using feature(s) {2,9,10,11,20,24,28,30,35,40} accuracy is 73.9%
Using feature(s) {2,9,10,11,20,24,27,30,35,40} accuracy is 76.9%
Using feature(s) {2,9,10,11,20,24,27,28,35,40} accuracy is 75.1%
Using feature(s) {2,9,10,11,20,24,27,28,30,40} accuracy is 76.0%
Using feature(s) {2,9,10,11,20,24,27,28,30,35} accuracy is 76.5%

Feature set {2,9,10,11,24,27,28,30,35,40} was best, accuracy is 77.9%

Using feature(s) {9,10,11,24,27,28,30,35,40} accuracy is 78.3%
Using feature(s) {2,10,11,24,27,28,30,35,40} accuracy is 75.5%
Using feature(s) {2,9,11,24,27,28,30,35,40} accuracy is 75.4%
Using feature(s) {2,9,10,24,27,28,30,35,40} accuracy is 75.1%
Using feature(s) {2,9,10,11,27,28,30,35,40} accuracy is 75.4%
Using feature(s) {2,9,10,11,24,28,30,35,40} accuracy is 74.8%
Using feature(s) {2,9,10,11,24,27,30,35,40} accuracy is 76.5%
Using feature(s) {2,9,10,11,24,27,28,35,40} accuracy is 75.3%
Using feature(s) {2,9,10,11,24,27,28,30,40} accuracy is 76.6%
Using feature(s) {2,9,10,11,24,27,28,30,35} accuracy is 75.8%

Feature set {9,10,11,24,27,28,30,35,40} was best, accuracy is 78.3%

Using feature(s) {10,11,24,27,28,30,35,40} accuracy is 74.9%
Using feature(s) {9,11,24,27,28,30,35,40} accuracy is 75.6%
Using feature(s) {9,10,24,27,28,30,35,40} accuracy is 74.7%
Using feature(s) {9,10,11,27,28,30,35,40} accuracy is 76.3%
Using feature(s) {9,10,11,24,28,30,35,40} accuracy is 71.4%
Using feature(s) {9,10,11,24,27,30,35,40} accuracy is 75.7%
Using feature(s) {9,10,11,24,27,28,35,40} accuracy is 75.4%
Using feature(s) {9,10,11,24,27,28,30,40} accuracy is 76.7%
Using feature(s) {9,10,11,24,27,28,30,35} accuracy is 74.8%

Feature set {9,10,11,24,27,28,30,40} was best, accuracy is 76.7%

Using feature(s) {10,11,24,27,28,30,40} accuracy is 76.1%
Using feature(s) {9,11,24,27,28,30,40} accuracy is 74.3%
Using feature(s) {9,10,24,27,28,30,40} accuracy is 75.6%
Using feature(s) {9,10,11,27,28,30,40} accuracy is 77.4%
Using feature(s) {9,10,11,24,28,30,40} accuracy is 70.0%
Using feature(s) {9,10,11,24,27,30,40} accuracy is 76.4%
Using feature(s) {9,10,11,24,27,28,40} accuracy is 76.4%
Using feature(s) {9,10,11,24,27,28,30} accuracy is 75.6%

Feature set {9,10,11,27,28,30,40} was best, accuracy is 77.4%

Using feature(s) {10,11,27,28,30,40} accuracy is 76.8%
Using feature(s) {9,11,27,28,30,40} accuracy is 73.5%
Using feature(s) {9,10,27,28,30,40} accuracy is 77.1%
Using feature(s) {9,10,11,28,30,40} accuracy is 69.6%
Using feature(s) {9,10,11,27,30,40} accuracy is 78.4%
Using feature(s) {9,10,11,27,28,40} accuracy is 78.5%
Using feature(s) {9,10,11,27,28,30} accuracy is 77.3%

Feature set {9,10,11,27,28,40} was best, accuracy is 78.5%

Using feature(s) {10,11,27,28,40} accuracy is 79.2%
Using feature(s) {9,11,27,28,40} accuracy is 74.2%
Using feature(s) {9,10,27,28,40} accuracy is 77.1%
Using feature(s) {9,10,11,28,40} accuracy is 70.2%
Using feature(s) {9,10,11,27,40} accuracy is 78.2%
Using feature(s) {9,10,11,27,28} accuracy is 77.7%

Feature set {10,11,27,28,40} was best, accuracy is 79.2%

Using feature(s) {11,27,28,40} accuracy is 79.8%
Using feature(s) {10,27,28,40} accuracy is 78.9%
Using feature(s) {10,11,28,40} accuracy is 70.0%
Using feature(s) {10,11,27,40} accuracy is 82.2%
Using feature(s) {10,11,27,28} accuracy is 80.3%

Feature set {10,11,27,40} was best, accuracy is 82.2%

Using feature(s) {11,27,40} accuracy is 83.5%
Using feature(s) {10,27,40} accuracy is 82.6%
Using feature(s) {10,11,40} accuracy is 71.8%
Using feature(s) {10,11,27} accuracy is 81.3%

Feature set {11,27,40} was best, accuracy is 83.5%

Using feature(s) {27,40} accuracy is 82.6%
Using feature(s) {11,40} accuracy is 71.5%
Using feature(s) {11,27} accuracy is 81.7%

Feature set {27,40} was best, accuracy is 82.6%

Using feature(s) {40} accuracy is 70.3%
Using feature(s) {27} accuracy is 84.7%

Feature set {27} was best, accuracy is 84.7%

Finished search!! The best feature subset is {27}, which has an accuracy of 84.7%
